coupling_matrix,measurement_samples,ground_state_energy,approx_correlation,approx_entropy,exact_correlation,exact_entropy
"[0.0, 123.0, 0.0, 0.0, 0.0, 0.0, 0.0, 0.0, 123.0, 0.0, 123.0, 0.0, 0.0, 0.0, 0.0, 0.0, 0.0, 123.0, 0.0, 123.0, 46.12758928443077, 25.98958136777237, 0.0, 0.0, 0.0, 0.0, 123.0, 0.0, 123.0, 0.0, 0.0, 0.0, 0.0, 0.0, 46.12758928443077, 123.0, 0.0, 123.0, 0.0, 0.0, 0.0, 0.0, 25.98958136777237, 0.0, 123.0, 0.0, 123.0, 0.0, 0.0, 0.0, 0.0, 0.0, 0.0, 123.0, 0.0, 123.0, 0.0, 0.0, 0.0, 0.0, 0.0, 0.0, 123.0, 0.0]","[[2, 4, 1, 5, 3, 4, 4, 1], [5, 3, 1, 4, 5, 3, 2, 5], [1, 2, 4, 2, 5, 2, 1, 0], [5, 4, 3, 2, 0, 4, 0, 5], [4, 2, 5, 1, 2, 3, 5, 4], [0, 3, 5, 1, 1, 0, 1, 4], [5, 4, 1, 2, 5, 0, 5, 2], [2, 3, 2, 0, 2, 1, 0, 1], [5, 4, 2, 3, 0, 1, 5, 1], [2, 2, 3, 5, 4, 1, 2, 5], [0, 2, 4, 5, 3, 2, 0, 1], [3, 0, 0, 2, 5, 0, 2, 4], [2, 3, 2, 1, 2, 4, 2, 3], [2, 1, 5, 3, 4, 4, 5, 1], [5, 1, 5, 0, 1, 4, 0, 3], [4, 5, 5, 0, 3, 4, 4, 3], [4, 1, 2, 3, 5, 4, 3, 0], [2, 0, 4, 5, 2, 0, 1, 3], [1, 0, 1, 3, 2, 3, 5, 4], [0, 2, 0, 3, 4, 2, 1, 5], [3, 5, 3, 5, 4, 5, 5, 3], [4, 5, 3, 5, 3, 5, 4, 1], [5, 1, 0, 3, 3, 5, 4, 0], [4, 2, 1, 2, 5, 0, 2, 0], [0, 1, 0, 3, 2, 1, 5, 1], [4, 0, 4, 5, 4, 1, 0, 4], [3, 1, 2, 1, 4, 2, 4, 5], [1, 3, 1, 4, 5, 1, 4, 1], [1, 0, 5, 0, 5, 3, 2, 1], [2, 3, 0, 1, 4, 3, 4, 4], [2, 1, 3, 2, 5, 2, 5, 1], [4, 2, 4, 0, 2, 0, 1, 3], [0, 3, 0, 5, 5, 4, 5, 2], [4, 3, 5, 4, 2, 0, 2, 0], [4, 2, 5, 1, 1, 0, 5, 0], [2, 1, 1, 1, 5, 4, 1, 3], [1, 4, 5, 0, 4, 5, 3, 1], [1, 5, 3, 0, 0, 4, 3, 0], [5, 3, 0, 4, 5, 1, 1, 0], [4, 2, 2, 1, 0, 4, 5, 3], [2, 5, 4, 5, 4, 0, 1, 3], [0, 2, 2, 1, 4, 2, 1, 1], [4, 0, 2, 3, 1, 4, 3, 4], [0, 4, 0, 2, 3, 0, 3, 2], [3, 4, 3, 4, 0, 4, 1, 0], [5, 1, 2, 4, 5, 3, 2, 1], [3, 1, 3, 1, 1, 0, 5, 1], [1, 0, 3, 2, 4, 5, 0, 4], [2, 0, 5, 3, 1, 0, 2, 3], [2, 5, 3, 2, 1, 0, 1, 0], [5, 1, 0, 1, 2, 3, 5, 3], [2, 1, 2, 1, 4, 5, 3, 0], [0, 1, 4, 1, 2, 3, 2, 3], [3, 2, 1, 0, 4, 0, 4, 3], [4, 1, 0, 2, 4, 5, 1, 2], [1, 2, 2, 4, 2, 1, 1, 3], [3, 2, 0, 5, 5, 0, 3, 0], [2, 4, 2, 4, 3, 1, 5, 2], [2, 4, 3, 1, 0, 5, 4, 2], [1, 4, 5, 2, 0, 2, 3, 1], [0, 4, 3, 0, 2, 4, 2, 0], [1, 0, 2, 5, 1, 0, 1, 0], [0, 0, 3, 0, 3, 2, 3, 1], [0, 1, 2, 1, 5, 4, 0, 4]]",-412.45026,"[1.0, -0.703125, 0.328125, -0.46875, 0.140625, 0.09375, 0.1875, 0.09375, -0.703125, 1.0, -0.234375, 0.609375, -0.1875, 0.46875, -0.1875, -0.1875, 0.328125, -0.234375, 1.0, -0.65625, 0.140625, -0.1875, -0.046875, 0.0, -0.46875, 0.609375, -0.65625, 1.0, -0.328125, 0.09375, 0.1875, 0.046875, 0.140625, -0.1875, 0.140625, -0.328125, 1.0, -0.984375, 0.515625, -0.46875, 0.09375, 0.46875, -0.1875, 0.09375, -0.984375, 1.0, -0.703125, 0.46875, 0.1875, -0.1875, -0.046875, 0.1875, 0.515625, -0.703125, 1.0, -0.5625, 0.09375, -0.1875, 0.0, 0.046875, -0.46875, 0.46875, -0.5625, 1.0]","[0.45872879595143395, 2.0, 0.4681177073777162, 1.074365923988309, 0.248702358987471, 1.2310540435141668, 0.7749269183068307]","[1.0, -0.8813169775292743, 0.26369668029079213, -0.3033311894076099, 0.13028173848251104, -0.17406232231167987, 0.07829468809303566, -0.1135609268177626, -0.8813169775292743, 1.0000000000000002, -0.38210124571645515, 0.222289537580738, -0.09628191380188506, 0.1169809309539319, -0.05329785808178917, 0.0737296911267446, 0.26369668029079213, -0.38210124571645515, 1.0000000000000002, -0.7775652252944395, 0.24154678900534868, -0.29997353309449043, 0.11884922888404677, -0.16445007905577014, -0.3033311894076099, 0.222289537580738, -0.7775652252944395, 1.0, -0.41579195360316773, 0.250712339523998, -0.11087696620772038, 0.13456235677457787, 0.13028173848251104, -0.09628191380188506, 0.24154678900534868, -0.41579195360316773, 1.0, -0.7887368822257161, 0.2197276214123445, -0.2907466916482439, -0.17406232231167987, 0.1169809309539319, -0.29997353309449043, 0.250712339523998, -0.7887368822257161, 1.0000000000000002, -0.3590402908967509, 0.25412212293586606, 0.07829468809303566, -0.05329785808178917, 0.11884922888404677, -0.11087696620772038, 0.2197276214123445, -0.3590402908967509, 1.0000000000000002, -0.8936543011849344, -0.1135609268177626, 0.0737296911267446, -0.16445007905577014, 0.13456235677457787, -0.2907466916482439, 0.25412212293586606, -0.8936543011849344, 1.0000000000000002]","[0.2644090046799093, 1.4759322241710457, 0.5074683986374515, 1.397211680239884, 0.48080151933090726, 1.5283132967060353, 0.23622555175158866]"
"[0.0, 123.0, 0.0, 0.0, 0.0, 0.0, 0.0, 0.0, 123.0, 0.0, 123.0, 43.268075207267486, 0.0, 0.0, 0.0, 0.0, 0.0, 123.0, 0.0, 123.0, 43.268075207267486, 0.0, 0.0, 0.0, 0.0, 43.268075207267486, 123.0, 0.0, 123.0, 43.268075207267486, 0.0, 0.0, 0.0, 0.0, 43.268075207267486, 123.0, 0.0, 123.0, 0.0, 0.0, 0.0, 0.0, 0.0, 43.268075207267486, 123.0, 0.0, 123.0, 0.0, 0.0, 0.0, 0.0, 0.0, 0.0, 123.0, 0.0, 123.0, 0.0, 0.0, 0.0, 0.0, 0.0, 0.0, 123.0, 0.0]","[[4, 1, 5, 4, 1, 0, 5, 0], [2, 5, 2, 3, 3, 2, 1, 4], [2, 5, 4, 3, 5, 3, 2, 3], [1, 0, 0, 2, 4, 5, 4, 5], [1, 4, 5, 5, 1, 4, 1, 0], [1, 4, 5, 2, 2, 4, 2, 5], [0, 3, 5, 1, 0, 1, 4, 5], [0, 1, 4, 5, 3, 2, 1, 3], [4, 5, 1, 3, 4, 1, 0, 5], [4, 0, 0, 3, 4, 1, 5, 1], [2, 4, 5, 4, 2, 3, 1, 0], [4, 2, 4, 3, 5, 5, 4, 1], [4, 5, 4, 1, 0, 3, 0, 2], [2, 3, 5, 3, 5, 3, 2, 3], [1, 2, 2, 0, 1, 4, 3, 4], [3, 1, 1, 2, 4, 5, 3, 2], [0, 1, 0, 5, 5, 3, 0, 3], [3, 5, 0, 1, 5, 0, 5, 3], [0, 1, 3, 0, 3, 3, 4, 1], [0, 1, 3, 2, 5, 4, 3, 2], [2, 3, 3, 2, 0, 5, 1, 5], [1, 2, 3, 3, 4, 3, 4, 0], [5, 0, 0, 2, 3, 1, 2, 3], [5, 4, 5, 2, 5, 4, 0, 1], [5, 1, 4, 1, 0, 4, 3, 2], [4, 5, 5, 4, 2, 1, 0, 1], [1, 4, 3, 4, 0, 2, 3, 2], [0, 1, 4, 2, 3, 1, 0, 5], [1, 0, 1, 0, 5, 4, 2, 4], [2, 3, 2, 1, 4, 1, 0, 3], [5, 4, 2, 3, 1, 4, 3, 5], [1, 0, 5, 1, 0, 4, 2, 3], [4, 2, 5, 2, 1, 4, 1, 0], [5, 3, 1, 3, 5, 4, 0, 4], [3, 5, 1, 0, 3, 5, 3, 2], [4, 2, 1, 3, 0, 3, 4, 5], [4, 0, 5, 0, 4, 2, 1, 4], [5, 3, 5, 4, 3, 2, 1, 0], [3, 5, 4, 3, 2, 5, 3, 4], [4, 5, 2, 1, 4, 3, 5, 3], [5, 2, 5, 3, 1, 5, 3, 2], [0, 5, 2, 3, 4, 5, 1, 0], [3, 4, 0, 1, 2, 5, 3, 0], [2, 0, 1, 3, 2, 3, 0, 5], [2, 3, 5, 3, 4, 1, 2, 3], [1, 5, 5, 2, 5, 3, 1, 0], [0, 4, 3, 4, 4, 5, 4, 3], [1, 2, 3, 0, 3, 2, 2, 5], [1, 3, 1, 3, 4, 3, 5, 3], [5, 3, 2, 1, 1, 4, 4, 2], [0, 5, 2, 5, 5, 3, 5, 4], [5, 4, 2, 1, 1, 5, 4, 0], [4, 5, 0, 4, 0, 5, 4, 5], [3, 5, 4, 5, 4, 2, 5, 4], [4, 5, 4, 5, 4, 5, 3, 4], [3, 0, 3, 5, 3, 1, 3, 2], [0, 1, 5, 2, 1, 5, 4, 5], [5, 3, 1, 4, 1, 0, 2, 0], [1, 0, 3, 0, 4, 5, 4, 5], [5, 2, 5, 4, 0, 1, 1, 2], [2, 5, 2, 1, 4, 3, 5, 4], [4, 5, 2, 4, 5, 3, 0, 1], [1, 3, 1, 5, 5, 4, 0, 5], [5, 4, 0, 5, 2, 3, 2, 0]]",-394.64584,"[1.0, -1.171875, 0.375, -0.28125, 0.28125, -0.5625, 0.328125, -0.46875, -1.171875, 1.0, -0.375, 0.140625, 0.046875, 0.140625, 0.046875, -0.09375, 0.375, -0.375, 1.0, -0.703125, 0.1875, -0.421875, -0.1875, 0.046875, -0.28125, 0.140625, -0.703125, 1.0, -0.1875, 0.09375, 0.0, -0.09375, 0.28125, 0.046875, 0.1875, -0.1875, 1.0, -0.9375, 0.046875, -0.28125, -0.5625, 0.140625, -0.421875, 0.09375, -0.9375, 1.0, -0.5625, 0.515625, 0.328125, 0.046875, -0.1875, 0.0, 0.046875, -0.5625, 1.0, -1.40625, -0.46875, -0.09375, 0.046875, -0.09375, -0.28125, 0.515625, -1.40625, 1.0]","[0.24112637796657324, 1.843098006767867, 0.4123672309354007, 1.8058439889544355, 0.12970135338516584, 0.9617170585197354, 0.1659335538424619]","[1.0, -0.9231395296805314, 0.22117969061149975, -0.25698886486732747, 0.0784436467273733, -0.09048917882221404, 0.04222884177427336, -0.07123161134254745, -0.9231395296805314, 1.0000000000000002, -0.2978462550347651, 0.19857246441929766, -0.05174267097923272, 0.056325325191890215, -0.02625658496635214, 0.044091892936947624, 0.22117969061149975, -0.2978462550347651, 1.0000000000000002, -0.8818135687847556, 0.16119890949688045, -0.15524980688000847, 0.07207329928863047, -0.11954057919431614, -0.25698886486732747, 0.19857246441929766, -0.8818135687847556, 1.0000000000000002, -0.2478436328032609, 0.1538347146635998, -0.06877771581210894, 0.10302213376259682, 0.0784436467273733, -0.05174267097923272, 0.16119890949688045, -0.2478436328032609, 1.0000000000000002, -0.849050818510339, 0.2397232068496875, -0.33072253884356856, -0.09048917882221404, 0.056325325191890215, -0.15524980688000847, 0.1538347146635998, -0.849050818510339, 1.0000000000000002, -0.3743654671529781, 0.2589996089038562, 0.04222884177427336, -0.02625658496635214, 0.07207329928863047, -0.06877771581210894, 0.2397232068496875, -0.3743654671529781, 1.0000000000000002, -0.8846170447345725, -0.07123161134254745, 0.044091892936947624, -0.11954057919431614, 0.10302213376259682, -0.33072253884356856, 0.2589996089038562, -0.8846170447345725, 1.0]","[0.16951758181288687, 1.659566276898206, 0.2632715225373229, 1.755990457643667, 0.33886066692188865, 1.4936534641395844, 0.25685476411142516]"
"[0.0, 123.0, 35.37626311295618, 0.0, 0.0, 0.0, 0.0, 0.0, 123.0, 0.0, 123.0, 0.0, 0.0, 0.0, 0.0, 0.0, 35.37626311295618, 123.0, 0.0, 123.0, 35.37626311295618, 0.0, 0.0, 0.0, 0.0, 0.0, 123.0, 0.0, 123.0, 0.0, 0.0, 0.0, 0.0, 0.0, 35.37626311295618, 123.0, 0.0, 123.0, 0.0, 0.0, 0.0, 0.0, 0.0, 0.0, 123.0, 0.0, 123.0, 0.0, 0.0, 0.0, 0.0, 0.0, 0.0, 123.0, 0.0, 123.0, 0.0, 0.0, 0.0, 0.0, 0.0, 0.0, 123.0, 0.0]","[[2, 5, 5, 4, 1, 4, 1, 4], [4, 2, 2, 3, 0, 1, 5, 2], [0, 5, 3, 2, 4, 1, 0, 2], [4, 3, 1, 4, 4, 2, 4, 2], [1, 3, 0, 3, 3, 2, 0, 1], [3, 1, 3, 0, 3, 1, 0, 4], [5, 1, 5, 4, 1, 2, 4, 5], [1, 4, 1, 0, 4, 3, 1, 0], [0, 2, 2, 3, 1, 5, 4, 5], [5, 4, 2, 4, 3, 3, 5, 1], [1, 2, 4, 3, 2, 1, 2, 5], [1, 0, 1, 0, 3, 0, 0, 2], [2, 1, 0, 3, 2, 5, 4, 2], [5, 4, 0, 1, 4, 1, 0, 1], [1, 0, 5, 2, 0, 4, 3, 4], [5, 4, 5, 0, 5, 4, 4, 0], [3, 4, 4, 5, 1, 5, 2, 5], [4, 3, 2, 3, 5, 1, 2, 3], [1, 0, 5, 4, 5, 0, 5, 2], [5, 4, 4, 5, 3, 2, 3, 1], [1, 2, 2, 3, 2, 1, 0, 3], [4, 3, 4, 2, 4, 3, 4, 5], [5, 3, 4, 2, 4, 3, 0, 5], [5, 3, 0, 2, 3, 3, 0, 4], [3, 2, 0, 5, 0, 3, 0, 1], [1, 5, 3, 5, 4, 5, 0, 1], [3, 2, 2, 1, 5, 1, 1, 0], [3, 1, 0, 2, 1, 2, 1, 0], [4, 0, 4, 0, 1, 5, 2, 0], [0, 1, 5, 4, 5, 0, 0, 1], [3, 4, 3, 1, 2, 1, 4, 5], [3, 1, 5, 4, 3, 5, 1, 2], [5, 4, 5, 0, 1, 5, 3, 0], [5, 4, 2, 3, 2, 4, 3, 4], [3, 5, 5, 3, 3, 1, 5, 4], [0, 3, 3, 0, 4, 0, 2, 1], [1, 3, 2, 0, 4, 0, 2, 0], [0, 5, 1, 2, 3, 2, 1, 5], [2, 4, 1, 3, 1, 3, 3, 4], [1, 0, 0, 2, 0, 5, 1, 2], [4, 1, 4, 2, 3, 1, 2, 3], [3, 4, 4, 5, 0, 3, 1, 5], [1, 3, 4, 5, 2, 4, 5, 0], [2, 1, 2, 4, 1, 4, 2, 0], [3, 4, 5, 4, 1, 0, 0, 2], [5, 0, 4, 2, 1, 2, 5, 5], [1, 2, 4, 1, 4, 5, 2, 3], [3, 2, 3, 4, 2, 3, 2, 3], [5, 4, 2, 3, 2, 1, 2, 0], [5, 2, 5, 0, 4, 2, 4, 3], [1, 4, 0, 2, 0, 4, 1, 0], [1, 2, 1, 3, 4, 1, 2, 1], [5, 2, 3, 2, 5, 1, 5, 3], [1, 4, 2, 0, 2, 5, 3, 0], [1, 4, 0, 4, 3, 5, 0, 1], [3, 2, 2, 4, 5, 3, 0, 4], [3, 2, 0, 2, 5, 2, 4, 3], [4, 5, 1, 5, 1, 2, 5, 2], [2, 5, 1, 0, 1, 3, 2, 3], [3, 4, 5, 3, 5, 4, 1, 4], [4, 1, 2, 1, 0, 5, 3, 0], [1, 2, 1, 4, 1, 4, 1, 3], [1, 0, 1, 5, 5, 0, 5, 3], [2, 3, 2, 4, 1, 5, 4, 0]]",-402.35593,"[1.0, -0.9375, 0.328125, -0.234375, -0.046875, -0.140625, -0.046875, -0.140625, -0.9375, 1.0, -0.046875, -0.046875, 0.1875, 0.1875, 0.1875, -0.375, 0.328125, -0.046875, 1.0, -1.03125, 0.65625, -0.328125, 0.046875, -0.515625, -0.234375, -0.046875, -1.03125, 1.0, -0.5625, 0.328125, 0.140625, 0.28125, -0.046875, 0.1875, 0.65625, -0.5625, 1.0, -0.375, 0.234375, -0.46875, -0.140625, 0.1875, -0.328125, 0.328125, -0.375, 1.0, -0.234375, 0.328125, -0.046875, 0.1875, 0.046875, 0.140625, 0.234375, -0.234375, 1.0, -0.890625, -0.140625, -0.375, -0.515625, 0.28125, -0.46875, 0.328125, -0.890625, 1.0]","[1.4426950008081086e-9, 2.0, 1.4426950008081086e-9, 0.7898369202909149, 0.5887764299703832, 2.0, 0.09507702956978777]","[1.0, -0.9101710613448373, 0.23610983845055186, -0.26654448344774556, 0.10987054662439318, -0.13815777094336693, 0.06483038328381013, -0.09593745262280573, -0.9101710613448373, 1.0, -0.3257500403833322, 0.20560601712128632, -0.0839948433973613, 0.09453120091670549, -0.04559277084684154, 0.06537149793438062, 0.23610983845055186, -0.3257500403833322, 1.0000000000000002, -0.8367829632099313, 0.2161804647606703, -0.24180516496692084, 0.1059802524852288, -0.1539323871362671, -0.26654448344774556, 0.20560601712128632, -0.8367829632099313, 1.0000000000000002, -0.34365320011443795, 0.21456641229291384, -0.09930087724592752, 0.12610909460384173, 0.10987054662439318, -0.0839948433973613, 0.2161804647606703, -0.34365320011443795, 1.0000000000000002, -0.8193345824631565, 0.2300572050302955, -0.3091255904404027, -0.13815777094336693, 0.09453120091670549, -0.24180516496692084, 0.21456641229291384, -0.8193345824631565, 1.0, -0.36664456260199674, 0.25684446776582187, 0.06483038328381013, -0.04559277084684154, 0.1059802524852288, -0.09930087724592752, 0.2300572050302955, -0.36664456260199674, 1.0, -0.8893296301045686, -0.09593745262280573, 0.06537149793438062, -0.1539323871362671, 0.12610909460384173, -0.3091255904404027, 0.25684446776582187, -0.8893296301045686, 1.0]","[0.1987444432891722, 1.601278313257909, 0.3674445852787304, 1.562460564113796, 0.40835529908037116, 1.5111922597107486, 0.24608677500595008]"
"[0.0, 123.0, 55.081226751253375, 0.0, 0.0, 0.0, 0.0, 0.0, 123.0, 0.0, 123.0, 55.081226751253375, 34.42780274145903, 24.666191385552768, 19.044996594348525, 15.417281376827054, 55.081226751253375, 123.0, 0.0, 123.0, 0.0, 0.0, 0.0, 0.0, 0.0, 55.081226751253375, 123.0, 0.0, 123.0, 0.0, 0.0, 0.0, 0.0, 34.42780274145903, 0.0, 123.0, 0.0, 123.0, 55.081226751253375, 0.0, 0.0, 24.666191385552768, 0.0, 0.0, 123.0, 0.0, 123.0, 0.0, 0.0, 19.044996594348525, 0.0, 0.0, 55.081226751253375, 123.0, 0.0, 123.0, 0.0, 15.417281376827054, 0.0, 0.0, 0.0, 0.0, 123.0, 0.0]","[[4, 0, 3, 2, 1, 0, 5, 4], [0, 2, 1, 4, 3, 2, 1, 3], [5, 1, 0, 1, 5, 4, 5, 3], [1, 2, 0, 4, 0, 2, 3, 5], [3, 4, 1, 0, 3, 2, 3, 0], [0, 1, 0, 1, 3, 2, 4, 3], [4, 5, 1, 0, 0, 1, 1, 5], [3, 1, 0, 5, 0, 2, 5, 1], [4, 1, 3, 0, 1, 0, 2, 3], [1, 3, 4, 3, 2, 3, 3, 1], [3, 1, 2, 1, 0, 4, 0, 2], [2, 3, 2, 3, 1, 3, 0, 5], [4, 3, 1, 5, 4, 5, 0, 1], [3, 2, 3, 1, 4, 5, 3, 0], [1, 0, 1, 4, 5, 0, 2, 1], [1, 0, 2, 4, 2, 0, 3, 5], [1, 0, 0, 2, 3, 4, 5, 4], [0, 2, 1, 3, 2, 3, 1, 0], [5, 4, 4, 2, 4, 0, 4, 3], [3, 2, 1, 0, 2, 0, 4, 3], [1, 3, 4, 2, 2, 5, 2, 3], [1, 5, 1, 3, 1, 3, 4, 5], [3, 5, 4, 0, 2, 0, 2, 4], [1, 0, 1, 4, 1, 2, 3, 0], [3, 0, 2, 4, 1, 2, 2, 4], [0, 1, 0, 1, 3, 0, 5, 3], [3, 0, 2, 4, 0, 1, 4, 2], [0, 5, 1, 0, 2, 1, 4, 5], [0, 5, 3, 5, 4, 0, 5, 5], [3, 4, 0, 5, 4, 1, 3, 5], [0, 1, 4, 1, 0, 2, 0, 3], [1, 4, 3, 5, 0, 2, 5, 0], [2, 3, 3, 2, 3, 4, 5, 1], [2, 4, 2, 0, 5, 4, 5, 0], [1, 2, 5, 1, 5, 3, 2, 0], [2, 0, 2, 0, 4, 5, 0, 1], [4, 3, 5, 0, 5, 4, 4, 0], [2, 5, 1, 3, 5, 0, 2, 1], [0, 1, 0, 5, 5, 3, 0, 1], [1, 4, 3, 0, 4, 0, 3, 1], [4, 5, 2, 1, 2, 5, 4, 5], [5, 4, 0, 4, 2, 1, 5, 1], [4, 5, 3, 0, 3, 2, 5, 3], [0, 4, 5, 0, 3, 4, 1, 0], [5, 4, 5, 3, 2, 0, 2, 3], [2, 3, 4, 1, 0, 5, 1, 3], [3, 2, 1, 2, 1, 3, 3, 1], [1, 5, 3, 0, 3, 2, 3, 2], [1, 5, 1, 5, 5, 4, 4, 5], [4, 2, 2, 3, 1, 4, 3, 0], [5, 1, 1, 4, 5, 2, 4, 5], [3, 4, 1, 4, 3, 3, 1, 2], [5, 4, 4, 5, 1, 5, 3, 0], [1, 4, 4, 1, 4, 5, 5, 4], [0, 5, 1, 0, 2, 0, 0, 5], [5, 4, 1, 4, 0, 3, 5, 3], [4, 5, 2, 3, 4, 2, 3, 5], [5, 2, 3, 2, 3, 0, 5, 4], [5, 2, 3, 4, 4, 5, 5, 2], [5, 4, 1, 3, 5, 4, 5, 1], [3, 2, 4, 5, 0, 4, 0, 1], [1, 3, 3, 2, 1, 2, 1, 5], [2, 0, 4, 1, 3, 0, 1, 2], [4, 5, 1, 5, 1, 3, 2, 3]]",-391.92496,"[1.0, -1.21875, -0.046875, -0.328125, 0.09375, -0.140625, 0.375, -0.140625, -1.21875, 1.0, -0.28125, 0.28125, -0.140625, 0.09375, -0.609375, 0.421875, -0.046875, -0.28125, 1.0, -0.796875, 0.65625, -0.515625, 0.09375, 0.140625, -0.328125, 0.28125, -0.796875, 1.0, -0.46875, 0.140625, 0.09375, 0.0, 0.09375, -0.140625, 0.65625, -0.46875, 1.0, -0.9375, 0.09375, -0.234375, -0.140625, 0.09375, -0.515625, 0.140625, -0.9375, 1.0, -0.234375, -0.1875, 0.375, -0.609375, 0.09375, 0.09375, 0.09375, -0.234375, 1.0, -0.890625, -0.140625, 0.421875, 0.140625, 0.0, -0.234375, -0.1875, -0.890625, 1.0]","[0.04118293322362292, 2.0, 1.4426950008081086e-9, 2.0, 1.4426950008081086e-9, 2.0, 1.4426950008081086e-9]","[1.0000000000000002, -0.980848325968661, 0.10196357943335034, -0.07414273920923907, 0.06683226647994328, -0.0937282003425393, 0.03853918174357735, -0.05861572993073023, -0.980848325968661, 1.0000000000000002, -0.12040229210270148, 0.07297430422969614, -0.06751902316300086, 0.08069334435959159, -0.03254410818350579, 0.047647567995474406, 0.10196357943335034, -0.12040229210270148, 1.0000000000000002, -0.8627466071022504, 0.2661291167194135, -0.33833599233249073, 0.10979255002902615, -0.1563998917114131, -0.07414273920923907, 0.07297430422969614, -0.8627466071022504, 1.0, -0.4022347792145833, 0.24436416810998232, -0.07243691106987915, 0.09422433659020252, 0.06683226647994328, -0.06751902316300086, 0.2661291167194135, -0.4022347792145833, 1.0000000000000002, -0.8222561584511322, 0.1688357471873819, -0.20978531763385702, -0.0937282003425393, 0.08069334435959159, -0.33833599233249073, 0.24436416810998232, -0.8222561584511322, 1.0000000000000002, -0.282925677150757, 0.21218999583760867, 0.03853918174357735, -0.03254410818350579, 0.10979255002902615, -0.07243691106987915, 0.1688357471873819, -0.282925677150757, 1.0000000000000002, -0.9292588570610493, -0.05861572993073023, 0.047647567995474406, -0.1563998917114131, 0.09422433659020252, -0.20978531763385702, 0.21218999583760867, -0.9292588570610493, 1.0]","[0.041643445221019544, 1.9385830372772226, 0.30712866830412083, 1.4291694440876541, 0.40148444621396867, 1.6894960499222134, 0.15578868921131434]"
"[0.0, 123.0, 30.80664874538124, 13.70659311259145, 7.715850462774792, 0.0, 0.0, 0.0, 123.0, 0.0, 123.0, 30.80664874538124, 13.70659311259145, 0.0, 0.0, 0.0, 30.80664874538124, 123.0, 0.0, 123.0, 30.80664874538124, 13.70659311259145, 0.0, 0.0, 13.70659311259145, 30.80664874538124, 123.0, 0.0, 123.0, 0.0, 0.0, 0.0, 7.715850462774792, 13.70659311259145, 30.80664874538124, 123.0, 0.0, 123.0, 30.80664874538124, 0.0, 0.0, 0.0, 13.70659311259145, 0.0, 123.0, 0.0, 123.0, 0.0, 0.0, 0.0, 0.0, 0.0, 30.80664874538124, 123.0, 0.0, 123.0, 0.0, 0.0, 0.0, 0.0, 0.0, 0.0, 123.0, 0.0]","[[1, 3, 4, 2, 1, 5, 3, 2], [2, 1, 0, 3, 5, 3, 4, 1], [3, 4, 3, 3, 5, 4, 0, 1], [3, 4, 0, 4, 3, 1, 0, 3], [1, 4, 2, 3, 2, 1, 2, 1], [1, 2, 3, 0, 3, 2, 4, 5], [4, 2, 0, 2, 0, 5, 5, 2], [0, 3, 0, 2, 0, 0, 1, 1], [3, 2, 4, 2, 3, 2, 1, 5], [0, 5, 0, 4, 0, 4, 2, 3], [0, 4, 3, 5, 0, 1, 0, 5], [5, 2, 3, 4, 1, 0, 4, 2], [1, 3, 1, 3, 4, 3, 0, 3], [0, 2, 1, 2, 1, 1, 5, 2], [3, 5, 2, 4, 5, 3, 1, 2], [4, 5, 5, 4, 0, 1, 4, 1], [3, 3, 0, 0, 3, 0, 1, 2], [2, 3, 2, 3, 5, 0, 2, 3], [4, 3, 2, 5, 2, 3, 3, 5], [2, 0, 2, 1, 5, 5, 1, 5], [5, 3, 3, 5, 3, 0, 4, 5], [0, 2, 0, 5, 4, 2, 4, 5], [2, 4, 2, 0, 4, 5, 1, 4], [1, 5, 1, 3, 2, 5, 0, 3], [5, 3, 2, 4, 2, 0, 4, 1], [5, 2, 1, 4, 4, 1, 1, 2], [0, 3, 1, 3, 4, 0, 1, 1], [2, 4, 0, 4, 4, 0, 2, 0], [5, 4, 2, 5, 0, 4, 2, 1], [2, 3, 3, 3, 5, 4, 0, 4], [3, 1, 1, 5, 4, 2, 2, 4], [0, 1, 2, 4, 3, 4, 4, 2], [1, 0, 3, 4, 1, 4, 1, 0], [4, 3, 1, 0, 2, 2, 1, 4], [5, 3, 2, 1, 1, 0, 3, 4], [3, 4, 3, 0, 5, 4, 4, 0], [1, 0, 5, 4, 3, 2, 3, 5], [5, 0, 5, 4, 2, 1, 2, 0], [5, 3, 4, 0, 2, 3, 4, 2], [3, 0, 1, 0, 2, 1, 4, 5], [3, 1, 3, 1, 5, 2, 4, 2], [4, 1, 1, 0, 1, 3, 0, 3], [5, 3, 2, 4, 5, 0, 4, 3], [3, 2, 1, 5, 2, 3, 1, 5], [0, 2, 4, 1, 0, 1, 1, 0], [3, 2, 2, 5, 0, 4, 5, 0], [2, 5, 4, 3, 4, 3, 5, 0], [0, 5, 4, 1, 4, 5, 3, 4], [1, 2, 4, 0, 3, 4, 3, 2], [1, 4, 3, 1, 3, 1, 3, 2], [0, 3, 2, 3, 1, 5, 1, 5], [1, 5, 3, 5, 1, 5, 1, 5], [3, 2, 3, 2, 0, 5, 0, 2], [2, 0, 2, 5, 5, 2, 0, 1], [0, 2, 1, 2, 5, 4, 1, 5], [5, 4, 2, 0, 5, 3, 1, 0], [5, 4, 3, 2, 4, 1, 2, 1], [2, 4, 2, 5, 2, 0, 4, 5], [1, 3, 5, 0, 5, 3, 0, 3], [0, 1, 0, 5, 2, 0, 4, 1], [3, 2, 0, 4, 4, 2, 3, 5], [4, 0, 1, 1, 4, 5, 3, 0], [4, 5, 2, 1, 2, 1, 2, 3], [0, 2, 2, 4, 5, 4, 0, 4]]",-400.1788,"[1.0, -0.703125, 0.375, -0.5625, 0.375, -0.1875, -0.328125, -0.28125, -0.703125, 1.0, -0.375, 0.1875, -0.234375, 0.328125, 0.0, 0.46875, 0.375, -0.375, 1.0, -0.328125, 0.703125, 0.0, 0.09375, -0.28125, -0.5625, 0.1875, -0.328125, 1.0, -0.234375, 0.421875, 0.0, 0.5625, 0.375, -0.234375, 0.703125, -0.234375, 1.0, -0.703125, 0.140625, -0.234375, -0.1875, 0.328125, 0.0, 0.421875, -0.703125, 1.0, -0.046875, 0.09375, -0.328125, 0.0, 0.09375, 0.0, 0.140625, -0.046875, 1.0, -0.65625, -0.28125, 0.46875, -0.28125, 0.5625, -0.234375, 0.09375, -0.65625, 1.0]","[0.6514753767820621, 1.917130788130047, 2.0, 2.0, 0.5027621763707592, 1.8686774859799096, 1.4426950008081086e-9]","[1.0, -0.9134961900985616, 0.23285231430113953, -0.24703705958324984, 0.11812177783765056, -0.16024239327667233, 0.06369504074044885, -0.09389348992075519, -0.9134961900985616, 1.0, -0.3188400288071593, 0.19439907412628896, -0.0959156772603887, 0.11450702539269465, -0.044776043052801306, 0.06412183969992746, 0.23285231430113953, -0.3188400288071593, 1.0, -0.8067948657851249, 0.24977516004311753, -0.3109672454638905, 0.11089306885709067, -0.15691840314517277, -0.24703705958324984, 0.19439907412628896, -0.8067948657851249, 1.0000000000000002, -0.4128194533447955, 0.24839373565730097, -0.0897014954891377, 0.11356006441871845, 0.11812177783765056, -0.0959156772603887, 0.24977516004311753, -0.4128194533447955, 1.0000000000000002, -0.8058935510608878, 0.19229826878929646, -0.24556652500399304, -0.16024239327667233, 0.11450702539269465, -0.3109672454638905, 0.24839373565730097, -0.8058935510608878, 1.0000000000000002, -0.3184514625223587, 0.23265389127381333, 0.06369504074044885, -0.044776043052801306, 0.11089306885709067, -0.0897014954891377, 0.19229826878929646, -0.3184514625223587, 1.0, -0.9139573773225388, -0.09389348992075519, 0.06412183969992746, -0.15691840314517277, 0.11356006441871845, -0.24556652500399304, 0.23265389127381333, -0.9139573773225388, 1.0000000000000002]","[0.19123363068104612, 1.6159757397359438, 0.43793889769827116, 1.4042483975417905, 0.44007104084802134, 1.6167972629747642, 0.1901928246171022]"
"[0.0, 123.0, 0.0, 0.0, 0.0, 0.0, 0.0, 0.0, 123.0, 0.0, 123.0, 30.801021769277185, 0.0, 0.0, 0.0, 0.0, 0.0, 123.0, 0.0, 123.0, 30.801021769277185, 0.0, 0.0, 0.0, 0.0, 30.801021769277185, 123.0, 0.0, 123.0, 0.0, 0.0, 0.0, 0.0, 0.0, 30.801021769277185, 123.0, 0.0, 123.0, 30.801021769277185, 13.702625256397647, 0.0, 0.0, 0.0, 0.0, 123.0, 0.0, 123.0, 0.0, 0.0, 0.0, 0.0, 0.0, 30.801021769277185, 123.0, 0.0, 123.0, 0.0, 0.0, 0.0, 0.0, 13.702625256397647, 0.0, 123.0, 0.0]","[[2, 5, 2, 0, 4, 3, 3, 2], [4, 5, 3, 5, 4, 1, 0, 5], [4, 2, 3, 5, 2, 3, 5, 4], [3, 0, 1, 2, 5, 0, 3, 2], [2, 3, 4, 1, 0, 3, 2, 5], [2, 3, 3, 2, 3, 2, 5, 1], [5, 4, 5, 1, 5, 4, 0, 2], [1, 5, 1, 4, 2, 2, 5, 4], [0, 2, 1, 0, 1, 2, 5, 0], [2, 5, 0, 3, 2, 1, 4, 3], [2, 3, 3, 5, 4, 5, 3, 2], [1, 4, 3, 4, 1, 0, 5, 3], [1, 0, 4, 0, 4, 3, 4, 5], [5, 1, 2, 0, 2, 0, 5, 3], [4, 1, 1, 5, 5, 2, 4, 5], [3, 1, 4, 1, 4, 1, 4, 5], [1, 0, 1, 5, 4, 3, 0, 1], [4, 5, 0, 4, 2, 1, 2, 5], [4, 0, 4, 2, 4, 3, 2, 1], [4, 5, 3, 1, 2, 3, 5, 4], [0, 5, 3, 2, 1, 4, 3, 4], [4, 5, 3, 3, 4, 2, 4, 5], [1, 2, 5, 0, 2, 5, 1, 0], [1, 5, 1, 5, 1, 4, 1, 3], [3, 5, 2, 4, 5, 4, 1, 4], [3, 2, 3, 2, 5, 3, 1, 3], [5, 2, 4, 4, 5, 0, 1, 2], [4, 2, 5, 2, 5, 1, 5, 2], [2, 3, 0, 4, 0, 5, 2, 4], [0, 5, 4, 1, 2, 3, 0, 1], [5, 4, 2, 1, 4, 0, 0, 3], [2, 3, 2, 3, 5, 1, 3, 2], [4, 3, 1, 5, 0, 5, 3, 1], [4, 5, 4, 3, 1, 0, 2, 3], [0, 3, 5, 2, 1, 0, 3, 2], [2, 5, 2, 3, 5, 3, 2, 3], [2, 3, 2, 3, 1, 4, 0, 1], [1, 0, 3, 0, 3, 4, 5, 4], [5, 1, 0, 4, 2, 5, 4, 4], [4, 5, 0, 4, 3, 1, 5, 3], [4, 1, 4, 5, 4, 2, 5, 2], [3, 2, 1, 0, 5, 3, 4, 1], [3, 2, 4, 0, 2, 5, 5, 4], [1, 2, 1, 2, 5, 0, 1, 4], [1, 0, 0, 5, 0, 1, 0, 1], [2, 5, 4, 5, 2, 1, 3, 5], [2, 3, 5, 0, 5, 1, 3, 0], [2, 3, 0, 2, 3, 2, 4, 3], [2, 3, 1, 2, 4, 2, 5, 1], [5, 3, 1, 4, 5, 3, 2, 3], [5, 4, 3, 5, 3, 2, 0, 1], [4, 0, 2, 5, 4, 1, 2, 5], [2, 3, 1, 5, 1, 0, 5, 0], [1, 0, 5, 3, 3, 0, 4, 1], [5, 0, 4, 2, 1, 3, 0, 4], [1, 2, 3, 2, 1, 5, 2, 5], [3, 5, 0, 1, 4, 5, 2, 5], [3, 2, 4, 2, 4, 2, 1, 2], [1, 4, 0, 4, 3, 5, 0, 1], [1, 2, 2, 1, 0, 2, 4, 1], [1, 3, 3, 2, 1, 4, 1, 0], [2, 3, 0, 3, 0, 5, 3, 1], [3, 2, 1, 3, 0, 1, 5, 1], [3, 2, 1, 5, 5, 3, 1, 5]]",-402.6527,"[1.0, -1.453125, 0.1875, -0.5625, 0.140625, 0.0, -0.1875, -0.140625, -1.453125, 1.0, -0.28125, 0.1875, 0.140625, -0.1875, 0.328125, -0.09375, 0.1875, -0.28125, 1.0, -0.515625, 0.609375, -0.375, 0.234375, -0.09375, -0.5625, 0.1875, -0.515625, 1.0, -0.515625, 0.0, -0.234375, 0.703125, 0.140625, 0.140625, 0.609375, -0.515625, 1.0, -0.703125, 0.046875, -0.609375, 0.0, -0.1875, -0.375, 0.0, -0.703125, 1.0, -0.328125, 0.28125, -0.1875, 0.328125, 0.234375, -0.234375, 0.046875, -0.328125, 1.0, -1.125, -0.140625, -0.09375, -0.09375, 0.703125, -0.609375, 0.28125, -1.125, 1.0]","[0.3848060909644435, 1.8541177928485935, 0.9024701537556478, 1.263402363602222, 0.18125356794633118, 2.0, 0.509735925540368]","[1.0000000000000002, -0.9012142749167317, 0.243721368517036, -0.26764829575970833, 0.11226703008931498, -0.15307767650988097, 0.06430997779410563, -0.0983577928789412, -0.9012142749167317, 1.0, -0.342507090732532, 0.20299167484240313, -0.08024458438398809, 0.09977193822272452, -0.041789025464609435, 0.06299401057486562, 0.243721368517036, -0.342507090732532, 1.0000000000000002, -0.8118518125910974, 0.22647185035510367, -0.26256465982398575, 0.10867455870583231, -0.16194450184721942, -0.26764829575970833, 0.20299167484240313, -0.8118518125910974, 1.0000000000000002, -0.38159047438181076, 0.2277121959527447, -0.09627045601003333, 0.12665989029611946, 0.11226703008931498, -0.08024458438398809, 0.22647185035510367, -0.38159047438181076, 1.0000000000000002, -0.8008618768145354, 0.2217499008219813, -0.2977899507690509, -0.15307767650988097, 0.09977193822272452, -0.26256465982398575, 0.2277121959527447, -0.8008618768145354, 1.0000000000000002, -0.36804615675037694, 0.2570654693247633, 0.06430997779410563, -0.041789025464609435, 0.10867455870583231, -0.09627045601003333, 0.2217499008219813, -0.36804615675037694, 1.0, -0.8886258361675035, -0.0983577928789412, 0.06299401057486562, -0.16194450184721942, 0.12665989029611946, -0.2977899507690509, 0.2570654693247633, -0.8886258361675035, 1.0]","[0.2190342181135638, 1.5649760004881754, 0.42599050802562805, 1.47710673276003, 0.4519879909569042, 1.5080197769894443, 0.2476934324199778]"
"[0.0, 123.0, 0.0, 0.0, 0.0, 0.0, 0.0, 0.0, 123.0, 0.0, 123.0, 37.3204900597348, 18.57639612340657, 0.0, 0.0, 0.0, 0.0, 123.0, 0.0, 123.0, 0.0, 0.0, 0.0, 0.0, 0.0, 37.3204900597348, 123.0, 0.0, 123.0, 37.3204900597348, 18.57639612340657, 11.32373153088426, 0.0, 18.57639612340657, 0.0, 123.0, 0.0, 123.0, 0.0, 0.0, 0.0, 0.0, 0.0, 37.3204900597348, 123.0, 0.0, 123.0, 0.0, 0.0, 0.0, 0.0, 18.57639612340657, 0.0, 123.0, 0.0, 123.0, 0.0, 0.0, 0.0, 11.32373153088426, 0.0, 0.0, 123.0, 0.0]","[[2, 3, 2, 1, 0, 4, 4, 1], [4, 5, 0, 3, 2, 5, 2, 1], [5, 1, 5, 4, 2, 5, 0, 5], [5, 3, 5, 1, 5, 1, 1, 5], [0, 4, 2, 3, 0, 4, 3, 2], [5, 3, 2, 1, 3, 1, 0, 1], [3, 2, 0, 1, 0, 1, 3, 0], [1, 3, 4, 5, 5, 4, 4, 3], [5, 1, 5, 2, 0, 2, 1, 5], [0, 1, 1, 2, 1, 3, 1, 5], [3, 5, 4, 2, 3, 2, 0, 5], [4, 0, 5, 4, 3, 2, 3, 0], [3, 5, 1, 2, 4, 5, 0, 5], [4, 0, 5, 4, 5, 4, 3, 2], [1, 0, 3, 2, 3, 2, 1, 5], [0, 3, 4, 1, 0, 1, 5, 3], [1, 5, 4, 1, 3, 0, 1, 2], [3, 2, 5, 4, 0, 3, 1, 5], [3, 0, 3, 3, 2, 3, 0, 5], [0, 4, 0, 5, 2, 3, 2, 1], [0, 1, 2, 1, 0, 4, 5, 3], [5, 3, 5, 1, 2, 1, 0, 3], [3, 4, 3, 4, 3, 2, 3, 5], [0, 3, 1, 5, 1, 0, 4, 5], [2, 0, 2, 3, 1, 5, 0, 5], [1, 4, 3, 5, 4, 0, 4, 5], [1, 3, 2, 3, 2, 3, 1, 2], [0, 1, 3, 5, 3, 0, 4, 2], [3, 4, 2, 4, 5, 0, 2, 4], [0, 2, 5, 4, 2, 4, 4, 3], [2, 1, 2, 0, 5, 5, 2, 0], [4, 5, 1, 2, 3, 5, 4, 2], [5, 4, 3, 0, 5, 3, 2, 3], [5, 1, 4, 5, 1, 4, 4, 5], [2, 5, 2, 4, 0, 3, 5, 0], [0, 1, 3, 5, 3, 0, 1, 1], [2, 3, 4, 0, 5, 3, 1, 5], [1, 2, 0, 1, 1, 2, 5, 1], [5, 4, 5, 3, 5, 4, 5, 4], [5, 3, 5, 4, 0, 4, 4, 2], [3, 5, 1, 0, 1, 2, 2, 4], [5, 4, 1, 3, 1, 4, 4, 2], [1, 3, 3, 0, 0, 4, 5, 4], [4, 5, 2, 0, 1, 0, 5, 3], [3, 0, 2, 0, 5, 2, 1, 2], [0, 4, 2, 1, 2, 0, 2, 3], [2, 2, 5, 1, 2, 3, 1, 0], [0, 2, 4, 3, 0, 2, 3, 4], [0, 3, 5, 4, 0, 4, 2, 3], [4, 4, 0, 2, 3, 0, 1, 2], [5, 4, 1, 3, 5, 4, 0, 2], [2, 1, 3, 2, 2, 0, 1, 5], [1, 0, 1, 0, 5, 4, 5, 4], [5, 5, 3, 4, 5, 0, 3, 2], [2, 3, 5, 3, 5, 2, 1, 4], [1, 5, 5, 4, 4, 5, 5, 4], [2, 0, 2, 5, 5, 3, 4, 3], [5, 3, 5, 3, 2, 0, 2, 4], [5, 1, 3, 5, 5, 3, 2, 5], [1, 0, 4, 2, 5, 2, 0, 1], [0, 1, 1, 0, 4, 5, 1, 4], [5, 3, 5, 3, 4, 1, 4, 3], [3, 5, 2, 1, 5, 1, 3, 5], [2, 1, 1, 5, 1, 0, 0, 1]]",-404.54288,"[1.0, -0.796875, 0.28125, -0.140625, 0.46875, -0.421875, -0.09375, 0.046875, -0.796875, 1.0, -0.09375, 0.046875, -0.140625, 0.234375, 0.140625, 0.1875, 0.28125, -0.09375, 1.0, -0.890625, 0.328125, -0.1875, -0.046875, -0.234375, -0.140625, 0.046875, -0.890625, 1.0, -0.515625, 0.375, -0.375, 0.1875, 0.46875, -0.140625, 0.328125, -0.515625, 1.0, -0.9375, 0.1875, -0.140625, -0.421875, 0.234375, -0.1875, 0.375, -0.9375, 1.0, -0.328125, 0.140625, -0.09375, 0.140625, -0.046875, -0.375, 0.1875, -0.328125, 1.0, -0.75, 0.046875, 0.1875, -0.234375, 0.1875, -0.140625, 0.140625, -0.75, 1.0]","[1.4426950008081086e-9, 1.1935846157784398, 0.4163306117316988, 1.0244592713778016, 0.3863330034879133, 1.5842240657613313, 0.29659322494072626]","[1.0000000000000002, -0.9037204087657612, 0.23399510041131613, -0.25017586967234734, 0.14123175915800476, -0.17470698834325135, 0.08510099687400696, -0.1317246725894536, -0.9037204087657612, 1.0, -0.3277781449015352, 0.20277757048762535, -0.12486465685783427, 0.12441393028067137, -0.0612796317643148, 0.09045317243744389, 0.23399510041131613, -0.3277781449015352, 1.0, -0.8209894606869322, 0.23775053281936245, -0.2596883903565214, 0.12646488205347817, -0.18975381104405306, -0.25017586967234734, 0.20277757048762535, -0.8209894606869322, 1.0, -0.38666362424488443, 0.22586008549143746, -0.11789096414707954, 0.14708372897422076, 0.14123175915800476, -0.12486465685783427, 0.23775053281936245, -0.38666362424488443, 1.0, -0.7878487278273759, 0.23282970188673938, -0.31243407560905656, -0.17470698834325135, 0.12441393028067137, -0.2596883903565214, 0.22586008549143746, -0.7878487278273759, 1.0, -0.394815016604964, 0.26678486074483865, 0.08510099687400696, -0.0612796317643148, 0.12646488205347817, -0.11789096414707954, 0.23282970188673938, -0.394815016604964, 1.0000000000000002, -0.8704079674618664, -0.1317246725894536, 0.09045317243744389, -0.18975381104405306, 0.14708372897422076, -0.31243407560905656, 0.26678486074483865, -0.8704079674618664, 1.0]","[0.2133485525132861, 1.5969335193995386, 0.40446240440199005, 1.465414143307194, 0.4829174239309835, 1.4465051195829788, 0.2894612933209775]"
"[0.0, 123.0, 43.934623108863455, 24.058648127557714, 0.0, 0.0, 0.0, 0.0, 123.0, 0.0, 123.0, 0.0, 0.0, 0.0, 0.0, 0.0, 43.934623108863455, 123.0, 0.0, 123.0, 0.0, 0.0, 0.0, 0.0, 24.058648127557714, 0.0, 123.0, 0.0, 123.0, 0.0, 0.0, 0.0, 0.0, 0.0, 0.0, 123.0, 0.0, 123.0, 0.0, 0.0, 0.0, 0.0, 0.0, 0.0, 123.0, 0.0, 123.0, 43.934623108863455, 0.0, 0.0, 0.0, 0.0, 0.0, 123.0, 0.0, 123.0, 0.0, 0.0, 0.0, 0.0, 0.0, 43.934623108863455, 123.0, 0.0]","[[2, 5, 1, 0, 3, 5, 4, 5], [3, 2, 1, 0, 3, 4, 5, 0], [1, 5, 0, 5, 2, 4, 5, 4], [2, 4, 2, 5, 5, 4, 1, 0], [4, 5, 4, 1, 4, 1, 2, 5], [4, 3, 2, 1, 3, 0, 4, 2], [3, 1, 2, 3, 4, 0, 2, 3], [1, 2, 1, 2, 2, 5, 4, 5], [5, 4, 2, 0, 2, 1, 0, 3], [0, 0, 2, 5, 2, 3, 1, 5], [4, 1, 5, 3, 0, 1, 4, 1], [0, 1, 4, 1, 4, 0, 1, 5], [0, 1, 2, 3, 2, 1, 5, 5], [1, 0, 3, 5, 1, 0, 2, 3], [1, 0, 0, 1, 5, 1, 5, 3], [1, 4, 1, 0, 0, 2, 0, 5], [1, 2, 5, 4, 4, 3, 4, 1], [5, 0, 4, 0, 3, 4, 1, 5], [4, 0, 5, 4, 2, 0, 2, 1], [3, 4, 5, 2, 3, 2, 5, 1], [2, 0, 4, 3, 5, 0, 5, 4], [1, 4, 2, 3, 0, 1, 4, 1], [5, 4, 5, 3, 0, 3, 1, 3], [1, 2, 3, 1, 3, 4, 4, 2], [0, 2, 3, 5, 1, 1, 1, 4], [3, 4, 3, 2, 5, 1, 0, 4], [4, 0, 1, 3, 0, 5, 0, 1], [3, 2, 3, 2, 3, 1, 0, 5], [2, 4, 2, 4, 0, 1, 2, 0], [3, 4, 3, 0, 5, 0, 3, 2], [2, 0, 4, 5, 4, 2, 3, 0], [4, 5, 5, 4, 1, 3, 4, 5], [5, 0, 1, 3, 3, 5, 2, 3], [2, 0, 5, 4, 2, 3, 5, 0], [4, 0, 4, 2, 3, 1, 4, 3], [1, 5, 3, 5, 3, 5, 0, 2], [4, 1, 5, 1, 5, 4, 4, 5], [1, 3, 3, 5, 3, 2, 2, 1], [4, 5, 4, 1, 4, 2, 3, 2], [1, 3, 5, 0, 4, 3, 2, 0], [4, 5, 3, 2, 2, 5, 2, 3], [1, 2, 1, 2, 1, 4, 1, 2], [5, 2, 5, 0, 1, 0, 4, 5], [1, 5, 2, 0, 0, 3, 5, 1], [1, 0, 1, 0, 1, 3, 5, 3], [1, 0, 1, 4, 3, 1, 4, 3], [3, 2, 5, 4, 0, 4, 5, 2], [1, 2, 5, 4, 0, 4, 4, 3], [5, 5, 2, 4, 2, 0, 2, 1], [2, 3, 4, 2, 2, 5, 5, 0], [5, 2, 1, 0, 5, 4, 3, 1], [4, 3, 4, 2, 4, 0, 2, 5], [4, 2, 1, 4, 2, 5, 2, 4], [1, 5, 0, 1, 2, 1, 2, 3], [2, 3, 3, 2, 2, 5, 1, 3], [2, 4, 0, 4, 1, 2, 3, 2], [4, 1, 5, 4, 0, 3, 0, 2], [4, 0, 5, 2, 0, 5, 2, 3], [5, 1, 4, 5, 4, 5, 1, 3], [3, 1, 5, 3, 5, 0, 1, 4], [3, 2, 0, 5, 2, 0, 2, 5], [5, 3, 4, 1, 3, 5, 2, 0], [4, 0, 0, 4, 5, 1, 4, 2], [5, 4, 1, 0, 4, 0, 0, 3]]",-404.07748,"[1.0, -0.796875, 0.09375, 0.140625, 0.09375, 0.0, -0.046875, 0.046875, -0.796875, 1.0, -0.328125, 0.1875, -0.234375, 0.0, -0.09375, 0.234375, 0.09375, -0.328125, 1.0, -1.125, 0.421875, -0.421875, -0.234375, -0.046875, 0.140625, 0.1875, -1.125, 1.0, 0.0, 0.28125, 0.375, -0.046875, 0.09375, -0.234375, 0.421875, 0.0, 1.0, -0.5625, 0.375, -0.5625, 0.0, 0.0, -0.421875, 0.28125, -0.5625, 1.0, -0.328125, 0.09375, -0.046875, -0.09375, -0.234375, 0.375, 0.375, -0.328125, 1.0, -0.796875, 0.046875, 0.234375, -0.046875, -0.046875, -0.5625, 0.09375, -0.796875, 1.0]","[0.0628551400579473, 1.1699860181214652, 0.16077526795346583, 2.0, 0.7698712274492862, 1.0649921156961764, 0.2236001035573727]","[1.0000000000000002, -0.8866647816159912, 0.26148560398555815, -0.31706094536406987, 0.13112228829395967, -0.16564217493903002, 0.06397422070159421, -0.08721421106202078, -0.8866647816159912, 1.0, -0.37353741112048816, 0.23339699223640345, -0.10568708697736795, 0.11758800606353204, -0.04588979198527621, 0.06079407339918793, 0.26148560398555815, -0.37353741112048816, 1.0, -0.8014307741820844, 0.23236709848838466, -0.2843940925213947, 0.10033408027893616, -0.13482450492891174, -0.31706094536406987, 0.23339699223640345, -0.8014307741820844, 1.0000000000000002, -0.37335585420294765, 0.24058794060185598, -0.08968357472451967, 0.10754621563536228, 0.13112228829395967, -0.10568708697736795, 0.23236709848838466, -0.37335585420294765, 1.0, -0.8368089487788692, 0.18914785733031306, -0.23678535415347243, -0.16564217493903002, 0.11758800606353204, -0.2843940925213947, 0.24058794060185598, -0.8368089487788692, 1.0000000000000002, -0.2898486515684981, 0.21851792114240418, 0.06397422070159421, -0.04588979198527621, 0.10033408027893616, -0.08968357472451967, 0.18914785733031306, -0.2898486515684981, 1.0000000000000002, -0.9280341400325497, -0.08721421106202078, 0.06079407339918793, -0.13482450492891174, 0.10754621563536228, -0.23678535415347243, 0.21851792114240418, -0.9280341400325497, 1.0000000000000002]","[0.2521729601578352, 1.4955417145934191, 0.45063943026926684, 1.4959554973051092, 0.36738388085991464, 1.6757231226200433, 0.15853318274038544]"
"[0.0, 123.0, 49.0754116983988, 0.0, 0.0, 0.0, 0.0, 0.0, 123.0, 0.0, 123.0, 0.0, 0.0, 0.0, 0.0, 0.0, 49.0754116983988, 123.0, 0.0, 123.0, 0.0, 0.0, 0.0, 0.0, 0.0, 0.0, 123.0, 0.0, 123.0, 0.0, 0.0, 0.0, 0.0, 0.0, 0.0, 123.0, 0.0, 123.0, 0.0, 0.0, 0.0, 0.0, 0.0, 0.0, 123.0, 0.0, 123.0, 0.0, 0.0, 0.0, 0.0, 0.0, 0.0, 123.0, 0.0, 123.0, 0.0, 0.0, 0.0, 0.0, 0.0, 0.0, 123.0, 0.0]","[[4, 3, 5, 3, 4, 3, 1, 1], [2, 4, 2, 0, 2, 5, 3, 5], [1, 3, 2, 4, 2, 3, 1, 4], [4, 3, 4, 5, 2, 1, 0, 1], [1, 4, 5, 0, 1, 0, 1, 0], [2, 3, 2, 1, 4, 3, 0, 1], [3, 4, 3, 4, 0, 5, 0, 4], [3, 5, 1, 0, 3, 0, 5, 0], [3, 1, 0, 4, 5, 2, 0, 4], [0, 5, 5, 1, 3, 2, 2, 3], [0, 1, 4, 2, 3, 2, 4, 5], [0, 1, 4, 0, 1, 3, 1, 4], [0, 5, 3, 1, 0, 5, 3, 0], [3, 2, 1, 4, 0, 4, 3, 2], [0, 5, 3, 2, 1, 2, 0, 5], [2, 3, 3, 2, 0, 5, 1, 2], [2, 1, 0, 3, 2, 3, 1, 0], [0, 4, 5, 4, 1, 2, 0, 5], [4, 3, 3, 0, 4, 2, 3, 2], [3, 4, 0, 2, 3, 1, 5, 2], [2, 1, 5, 0, 5, 4, 5, 2], [2, 1, 4, 1, 3, 4, 2, 1], [5, 0, 3, 2, 1, 2, 1, 4], [3, 1, 3, 1, 5, 0, 5, 2], [1, 3, 0, 3, 2, 1, 4, 5], [3, 4, 3, 0, 5, 2, 4, 2], [0, 4, 5, 3, 0, 3, 4, 0], [1, 4, 4, 3, 4, 0, 2, 1], [2, 4, 0, 3, 5, 1, 2, 3], [1, 0, 0, 1, 2, 3, 2, 3], [5, 4, 2, 3, 5, 4, 2, 5], [2, 3, 0, 2, 4, 2, 1, 0], [2, 0, 0, 2, 2, 1, 2, 0], [0, 1, 3, 0, 1, 4, 3, 4], [3, 0, 1, 2, 0, 0, 4, 5], [2, 0, 0, 1, 1, 4, 2, 3], [4, 5, 0, 5, 4, 1, 4, 3], [0, 5, 0, 4, 3, 4, 5, 2], [1, 0, 2, 2, 3, 0, 2, 4], [4, 5, 1, 5, 2, 5, 0, 5], [5, 3, 2, 4, 4, 5, 3, 2], [0, 1, 2, 4, 4, 5, 0, 3], [1, 3, 5, 1, 0, 2, 5, 2], [1, 0, 0, 1, 1, 3, 3, 1], [5, 2, 5, 1, 2, 1, 3, 1], [3, 5, 4, 5, 1, 0, 1, 4], [5, 1, 5, 2, 4, 2, 0, 2], [0, 1, 4, 3, 4, 5, 1, 5], [1, 2, 0, 5, 4, 1, 5, 3], [2, 3, 3, 5, 0, 1, 1, 3], [5, 1, 4, 2, 4, 2, 5, 4], [3, 2, 1, 2, 3, 4, 4, 5], [0, 1, 5, 0, 5, 1, 4, 0], [0, 4, 2, 3, 3, 4, 0, 3], [3, 4, 0, 1, 4, 2, 3, 0], [2, 3, 0, 2, 0, 3, 3, 2], [5, 0, 5, 0, 5, 4, 5, 0], [0, 1, 3, 2, 5, 1, 2, 3], [2, 4, 3, 4, 1, 2, 1, 4], [3, 2, 0, 2, 3, 5, 2, 5], [1, 2, 1, 5, 1, 5, 3, 2], [0, 2, 4, 1, 4, 5, 1, 0], [3, 2, 3, 2, 2, 0, 0, 3], [3, 2, 0, 2, 5, 0, 5, 4]]",-406.23755,"[1.0, -1.078125, 0.140625, -0.28125, 0.328125, -0.421875, 0.421875, 0.0, -1.078125, 1.0, -0.09375, 0.1875, -0.234375, 0.1875, 0.09375, -0.1875, 0.140625, -0.09375, 1.0, -0.65625, 0.09375, -0.796875, 0.046875, 0.09375, -0.28125, 0.1875, -0.65625, 1.0, -0.375, 0.46875, -0.140625, 0.5625, 0.328125, -0.234375, 0.09375, -0.375, 1.0, -0.65625, -0.046875, -0.046875, -0.421875, 0.1875, -0.796875, 0.46875, -0.65625, 1.0, -0.140625, 0.28125, 0.421875, 0.09375, 0.046875, -0.140625, -0.046875, -0.140625, 1.0, -0.984375, 0.0, -0.1875, 0.09375, 0.5625, -0.046875, 0.28125, -0.984375, 1.0]","[0.20937638404594613, 2.0, 0.4257623048352063, 2.0, 0.33548164895587956, 2.0, 0.5480083829294164]","[1.0, -0.9299043301113747, 0.21468325884331796, -0.22446702141197414, 0.10935072900812327, -0.13821087795723383, 0.06420633359812122, -0.09565809196898019, -0.9299043301113747, 1.0000000000000002, -0.2840188232507213, 0.18194174585978037, -0.0928740765864763, 0.1033896545433935, -0.048492797365472316, 0.0699586269108704, 0.21468325884331796, -0.2840188232507213, 1.0000000000000002, -0.828044842267512, 0.24904391087500624, -0.294761670648865, 0.12482210968056325, -0.18172394323178956, -0.22446702141197414, 0.18194174585978037, -0.828044842267512, 1.0000000000000002, -0.3946943643844814, 0.237083739461742, -0.10751052508876717, 0.13569126783121155, 0.10935072900812327, -0.0928740765864763, 0.24904391087500624, -0.3946943643844814, 1.0, -0.7932426667045962, 0.2263847185486075, -0.3039682507561833, -0.13821087795723383, 0.1033896545433935, -0.294761670648865, 0.237083739461742, -0.7932426667045962, 1.0000000000000002, -0.3746842046411823, 0.2604260259467413, 0.06420633359812122, -0.048492797365472316, 0.12482210968056325, -0.10751052508876717, 0.2263847185486075, -0.3746842046411823, 1.0000000000000002, -0.8847256347318705, -0.09565809196898019, 0.0699586269108704, -0.18172394323178956, 0.13569126783121155, -0.3039682507561833, 0.2604260259467413, -0.8847256347318705, 1.0000000000000002]","[0.15434288130380389, 1.687334738297617, 0.3878953487994221, 1.4467860604636942, 0.4700782382957861, 1.4929261800345714, 0.25660638704960587]"
