coupling_matrix,measurement_samples,ground_state_energy,first_excited_energy,approx_correlation,approx_entropy,exact_correlation,exact_entropy
"[0.7417014167051609, 1.341132163350735, 0.7582193911734795, 0.06905394173375184, 0.07562831429123101, 1.6360807153112669, 1.609507944788006]","[[3, 4, 2, 1, 5, 5, 3, 2], [3, 0, 4, 3, 2, 4, 0, 4], [0, 0, 4, 3, 0, 0, 3, 4], [2, 2, 0, 0, 3, 0, 5, 5], [2, 4, 5, 5, 4, 5, 5, 5], [5, 4, 5, 0, 3, 5, 0, 4], [3, 2, 4, 4, 5, 0, 3, 0], [0, 4, 3, 4, 4, 2, 3, 4], [0, 2, 4, 3, 0, 0, 2, 4], [2, 4, 0, 4, 4, 2, 0, 0], [0, 4, 4, 0, 5, 5, 0, 5], [3, 4, 0, 0, 5, 3, 5, 0], [0, 4, 4, 0, 4, 5, 5, 0], [3, 0, 3, 2, 5, 3, 2, 0], [0, 0, 2, 5, 5, 3, 2, 0], [4, 0, 0, 3, 0, 0, 5, 5], [0, 2, 5, 3, 2, 0, 2, 0], [0, 4, 5, 2, 3, 5, 2, 5], [2, 4, 3, 4, 2, 0, 4, 3], [3, 0, 5, 3, 4, 0, 2, 0], [3, 5, 0, 4, 4, 4, 5, 0], [0, 5, 0, 2, 3, 3, 0, 5], [5, 2, 3, 2, 0, 5, 3, 0], [4, 0, 4, 4, 0, 4, 3, 2], [0, 2, 2, 3, 2, 2, 1, 5], [2, 3, 3, 0, 5, 2, 3, 4], [5, 5, 0, 3, 2, 4, 4, 3], [0, 4, 4, 2, 0, 5, 5, 1], [2, 4, 2, 0, 5, 4, 0, 0], [4, 2, 0, 0, 3, 0, 2, 3], [3, 2, 0, 5, 3, 0, 5, 3], [0, 4, 0, 0, 3, 0, 2, 5], [3, 2, 0, 0, 3, 0, 0, 2], [0, 0, 3, 2, 0, 5, 3, 3], [0, 4, 2, 2, 3, 2, 3, 4], [2, 0, 3, 4, 4, 4, 4, 4], [0, 1, 5, 5, 0, 4, 3, 5], [2, 4, 0, 0, 4, 4, 0, 0], [5, 5, 2, 2, 5, 5, 0, 2], [0, 0, 0, 0, 3, 2, 2, 0], [0, 2, 0, 3, 3, 2, 0, 0], [3, 0, 2, 4, 0, 0, 5, 5], [4, 0, 0, 0, 3, 5, 0, 0], [3, 2, 0, 3, 0, 4, 0, 3], [0, 5, 4, 4, 2, 2, 3, 0], [0, 0, 4, 3, 4, 5, 0, 0], [3, 4, 2, 4, 0, 3, 4, 2], [4, 3, 4, 3, 2, 0, 5, 0], [0, 3, 5, 4, 4, 3, 3, 2], [2, 3, 0, 3, 0, 0, 0, 5], [0, 2, 4, 3, 3, 3, 0, 3], [0, 0, 3, 0, 2, 2, 3, 3], [0, 5, 0, 0, 0, 3, 4, 0], [4, 0, 4, 0, 0, 0, 5, 3], [5, 0, 0, 0, 3, 2, 0, 3], [5, 4, 4, 2, 0, 0, 3, 2], [0, 3, 0, 0, 4, 4, 4, 4], [0, 5, 0, 2, 5, 0, 4, 2], [5, 2, 5, 3, 0, 5, 5, 3], [0, 2, 0, 2, 0, 3, 3, 3], [2, 3, 0, 3, 5, 1, 4, 3], [0, 5, 2, 5, 4, 0, 5, 1], [0, 0, 5, 5, 0, 0, 0, 5], [5, 0, 0, 5, 3, 0, 5, 5]]",-4.255392788067554,-3.7314764231245947,"[1.0, 0.0, 0.375, 0.421875, 0.46875, 0.703125, 0.09375, 0.09375, 0.0, 1.0, 0.28125, 0.234375, 0.09375, 0.046875, 0.1875, 0.046875, 0.375, 0.28125, 1.0, 0.65625, 0.0, 0.328125, 0.46875, 0.890625, 0.421875, 0.234375, 0.65625, 1.0, -0.046875, 0.234375, 0.328125, 0.84375, 0.46875, 0.09375, 0.0, -0.046875, 1.0, 0.5625, -0.1875, 0.140625, 0.703125, 0.046875, 0.328125, 0.234375, 0.5625, 1.0, 0.234375, 0.234375, 0.09375, 0.1875, 0.46875, 0.328125, -0.1875, 0.234375, 1.0, 0.515625, 0.09375, 0.046875, 0.890625, 0.84375, 0.140625, 0.234375, 0.515625, 1.0]","[0.07896687288436716, 0.31582453782589043, 0.09665232080089581, 1.4426950008081086e-9, 1.4426950008081086e-9, 0.16652274531619676, 0.03382460511669965]","[1.0000000000000002, 0.32130419534843696, 0.32499394841933543, 0.32796847014307523, 0.3271057243507796, 0.29867438074739006, 0.27803605759784616, 0.2994179717669561, 0.32130419534843696, 1.0, 0.32801686111203926, 0.3253723221942804, 0.3101062226019375, 0.282714847365402, 0.26317299713051207, 0.28340605040724354, 0.32499394841933543, 0.32801686111203926, 1.0000000000000002, 0.32140472909314693, 0.3103818165918159, 0.2825321657340119, 0.2629957113713062, 0.2832074459714129, 0.32796847014307523, 0.3253723221942804, 0.32140472909314693, 1.0, 0.3268793236300746, 0.2985035871112712, 0.27785461956399427, 0.2991766529369732, 0.3271057243507796, 0.3101062226019375, 0.3103818165918159, 0.3268793236300746, 1.0000000000000002, 0.30562160350423895, 0.28623057660078316, 0.3070058906271721, 0.29867438074739006, 0.282714847365402, 0.2825321657340119, 0.2985035871112712, 0.30562160350423895, 1.0000000000000002, 0.3237878673677029, 0.3332880339713197, 0.27803605759784616, 0.26317299713051207, 0.2629957113713062, 0.27785461956399427, 0.28623057660078316, 0.3237878673677029, 1.0000000000000002, 0.323365080826358, 0.2994179717669561, 0.28340605040724354, 0.2832074459714129, 0.2991766529369732, 0.3070058906271721, 0.3332880339713197, 0.323365080826358, 1.0000000000000002]","[0.08105492221241456, 0.055739874294586544, 0.08127782711337946, 0.028989767656348895, 0.12479751951329984, 0.12179165524335187, 0.12457087125293188]"
"[0.7526481977528149, 1.6313496700945078, 0.167602615628132, 1.7525491024416466, 1.1041165140721854, 0.8122782773391221, 1.533180563118563]","[[0, 5, 5, 5, 0, 0, 0, 5], [3, 2, 4, 5, 5, 0, 3, 4], [5, 4, 5, 4, 5, 0, 5, 0], [4, 3, 0, 3, 2, 5, 3, 4], [5, 4, 0, 3, 0, 0, 4, 0], [2, 3, 0, 0, 0, 3, 0, 2], [0, 4, 5, 3, 3, 2, 4, 3], [2, 2, 0, 0, 2, 3, 0, 3], [5, 1, 5, 0, 0, 4, 0, 0], [4, 5, 4, 2, 0, 3, 0, 0], [2, 5, 3, 3, 0, 5, 4, 5], [0, 2, 2, 5, 0, 2, 0, 2], [3, 3, 2, 5, 5, 0, 5, 0], [0, 0, 4, 0, 0, 5, 5, 0], [4, 0, 4, 4, 5, 3, 4, 3], [2, 3, 0, 2, 0, 0, 5, 0], [0, 3, 2, 1, 3, 4, 4, 2], [0, 0, 3, 2, 0, 2, 5, 0], [2, 2, 4, 4, 2, 3, 5, 2], [4, 2, 0, 4, 0, 3, 3, 4], [0, 0, 2, 4, 4, 4, 3, 4], [2, 3, 2, 3, 3, 4, 0, 4], [4, 0, 2, 4, 2, 0, 0, 2], [2, 0, 4, 5, 3, 2, 2, 3], [0, 0, 3, 4, 3, 3, 2, 4], [3, 0, 0, 3, 1, 2, 1, 3], [4, 3, 0, 4, 1, 4, 0, 4], [2, 4, 4, 4, 2, 4, 0, 0], [0, 4, 4, 3, 0, 0, 0, 4], [5, 0, 2, 3, 0, 5, 0, 2], [2, 3, 0, 5, 2, 2, 3, 0], [0, 0, 4, 5, 0, 2, 0, 3], [2, 4, 3, 5, 3, 2, 0, 5], [2, 0, 0, 4, 4, 4, 0, 0], [4, 3, 4, 3, 2, 5, 0, 3], [0, 5, 0, 2, 3, 5, 5, 3], [0, 0, 0, 0, 4, 0, 5, 5], [3, 5, 0, 4, 3, 2, 0, 0], [3, 2, 0, 2, 2, 0, 4, 2], [3, 2, 4, 5, 5, 0, 2, 1], [0, 2, 5, 5, 5, 0, 0, 0], [0, 0, 4, 5, 5, 0, 4, 0], [5, 5, 4, 0, 0, 5, 5, 0], [0, 0, 4, 0, 2, 2, 4, 4], [4, 3, 3, 4, 0, 4, 0, 0], [3, 5, 5, 2, 0, 2, 5, 5], [3, 3, 5, 3, 0, 2, 0, 0], [0, 3, 0, 4, 0, 0, 0, 5], [4, 3, 2, 2, 2, 0, 4, 3], [0, 0, 5, 0, 0, 0, 0, 0], [0, 4, 0, 4, 2, 3, 5, 5], [5, 2, 5, 0, 0, 4, 3, 4], [5, 2, 4, 5, 0, 0, 3, 2], [0, 3, 4, 4, 0, 0, 1, 4], [5, 0, 0, 4, 0, 4, 0, 2], [0, 0, 0, 0, 4, 3, 4, 3], [5, 0, 2, 2, 0, 5, 0, 0], [0, 5, 0, 5, 0, 2, 4, 3], [4, 4, 3, 0, 0, 3, 2, 3], [5, 0, 2, 5, 0, 5, 0, 0], [4, 4, 4, 3, 4, 4, 3, 3], [2, 4, 4, 3, 5, 2, 2, 5], [4, 3, 3, 4, 4, 0, 1, 2], [5, 5, 0, 5, 5, 2, 4, 0]]",-4.325855794872052,-3.812312748075085,"[1.0, 0.375, 0.421875, 0.421875, 0.65625, 0.328125, 0.421875, 0.328125, 0.375, 1.0, 0.28125, 0.515625, 0.328125, 0.28125, 0.234375, 0.421875, 0.421875, 0.28125, 1.0, 0.140625, 0.234375, 0.140625, 0.1875, 0.609375, 0.421875, 0.515625, 0.140625, 1.0, 0.703125, 0.28125, 0.046875, 0.46875, 0.65625, 0.328125, 0.234375, 0.703125, 1.0, 0.328125, 0.421875, 0.65625, 0.328125, 0.28125, 0.140625, 0.28125, 0.328125, 1.0, 0.328125, 0.375, 0.421875, 0.234375, 0.1875, 0.046875, 0.421875, 0.328125, 1.0, 0.5625, 0.328125, 0.421875, 0.609375, 0.46875, 0.65625, 0.375, 0.5625, 1.0]","[0.17420489186108493, 0.14326768116298733, 0.002259270257909045, 1.4426950008081086e-9, 1.4426950008081086e-9, 1.0271918437031557, 1.4426950008081086e-9]","[1.0, 0.31681626808499197, 0.32655366010140313, 0.29877594802282353, 0.2874966852513136, 0.3052275920654835, 0.2974975052662952, 0.30391779650112777, 0.31681626808499197, 1.0, 0.33090016667364913, 0.28165874416800607, 0.269927186240781, 0.2845414393364221, 0.27634595167730625, 0.2820067981951844, 0.32655366010140313, 0.33090016667364913, 1.0000000000000002, 0.2844816635757323, 0.2766597187120333, 0.2903787180028081, 0.28125778310735916, 0.2867913237173421, 0.29877594802282353, 0.28165874416800607, 0.2844816635757323, 1.0000000000000002, 0.3285928263496845, 0.3245906892417066, 0.2927838209564683, 0.2918687019434287, 0.2874966852513136, 0.269927186240781, 0.2766597187120333, 0.3285928263496845, 1.0000000000000002, 0.3148452938653843, 0.29162219238052817, 0.28735127811826217, 0.3052275920654835, 0.2845414393364221, 0.2903787180028081, 0.3245906892417066, 0.3148452938653843, 1.0000000000000002, 0.3113035779832379, 0.31795242009736596, 0.2974975052662952, 0.27634595167730625, 0.28125778310735916, 0.2927838209564683, 0.29162219238052817, 0.3113035779832379, 1.0000000000000002, 0.3302707474649946, 0.30391779650112777, 0.2820067981951844, 0.2867913237173421, 0.2918687019434287, 0.28735127811826217, 0.31795242009736596, 0.3302707474649946, 1.0]","[0.11120734453907766, 0.03136717817007377, 0.24324309600731445, 0.06919161411759783, 0.16841841560430432, 0.16619013263624946, 0.03845783082001302]"
"[1.2403046475664763, 0.26177748984851273, 0.31269917647800044, 0.9838903142460028, 0.4342991549896759, 1.7636014248805172, 0.0739211623616593]","[[0, 3, 2, 2, 0, 0, 0, 0], [0, 0, 2, 4, 4, 4, 2, 4], [4, 0, 2, 4, 4, 3, 3, 5], [5, 0, 0, 0, 0, 5, 0, 2], [3, 0, 2, 0, 5, 0, 4, 0], [0, 4, 0, 0, 5, 4, 4, 0], [5, 0, 0, 0, 0, 0, 0, 4], [4, 4, 0, 4, 4, 2, 3, 3], [5, 3, 0, 2, 4, 3, 5, 5], [3, 5, 0, 0, 4, 0, 0, 2], [3, 0, 4, 0, 0, 0, 0, 4], [4, 5, 4, 4, 0, 4, 0, 0], [0, 4, 0, 5, 3, 5, 5, 5], [4, 4, 5, 4, 0, 0, 4, 4], [2, 3, 4, 3, 4, 5, 5, 2], [2, 0, 0, 0, 5, 5, 4, 0], [3, 4, 0, 0, 2, 2, 4, 5], [5, 5, 3, 0, 0, 5, 3, 0], [0, 2, 0, 2, 0, 3, 4, 0], [5, 0, 4, 5, 3, 3, 0, 4], [0, 3, 0, 3, 2, 3, 2, 4], [0, 5, 5, 2, 0, 3, 4, 2], [2, 4, 0, 0, 0, 4, 0, 2], [4, 0, 3, 2, 5, 2, 0, 0], [0, 0, 3, 2, 5, 5, 5, 5], [0, 2, 0, 0, 0, 4, 2, 4], [5, 2, 0, 0, 3, 2, 3, 5], [4, 3, 0, 2, 0, 5, 5, 4], [2, 0, 4, 4, 5, 0, 2, 0], [0, 0, 5, 0, 0, 3, 0, 5], [2, 3, 5, 4, 0, 5, 5, 3], [2, 3, 0, 0, 3, 0, 2, 0], [3, 2, 4, 4, 4, 3, 4, 4], [2, 3, 5, 3, 5, 3, 0, 0], [5, 5, 0, 5, 5, 5, 0, 0], [0, 5, 0, 0, 0, 0, 0, 0], [2, 0, 5, 0, 0, 4, 3, 0], [0, 3, 3, 0, 5, 0, 0, 5], [2, 3, 3, 3, 0, 4, 5, 4], [5, 0, 4, 4, 0, 0, 4, 5], [2, 0, 3, 5, 5, 0, 0, 4], [0, 5, 5, 5, 0, 4, 4, 4], [3, 0, 3, 0, 3, 0, 4, 0], [3, 4, 0, 3, 4, 4, 0, 0], [3, 0, 5, 3, 3, 0, 5, 4], [0, 5, 4, 4, 0, 5, 2, 2], [0, 2, 0, 2, 2, 3, 2, 4], [0, 4, 0, 3, 0, 5, 0, 3], [0, 5, 2, 0, 2, 2, 2, 5], [3, 0, 4, 0, 0, 5, 0, 3], [5, 5, 5, 2, 0, 0, 0, 5], [5, 5, 0, 5, 2, 0, 3, 4], [2, 5, 0, 0, 2, 0, 5, 3], [2, 5, 3, 0, 3, 4, 5, 2], [2, 5, 2, 3, 0, 2, 1, 5], [4, 4, 5, 2, 4, 3, 0, 0], [0, 0, 4, 4, 2, 0, 3, 5], [0, 0, 0, 2, 0, 0, 0, 4], [2, 4, 0, 5, 5, 0, 5, 4], [4, 3, 4, 5, 5, 1, 2, 3], [1, 1, 5, 4, 4, 0, 5, 0], [2, 3, 0, 5, 0, 5, 0, 0], [4, 5, 4, 0, 4, 4, 0, 2], [5, 0, 2, 0, 3, 4, 2, 3]]",-4.181824030821591,-3.561965067528342,"[1.0, 0.1875, 0.328125, 0.421875, 0.5625, 0.328125, 0.328125, 0.28125, 0.1875, 1.0, 0.140625, 0.65625, 0.375, 0.46875, 0.375, 0.328125, 0.328125, 0.140625, 1.0, 0.609375, 0.5625, 0.28125, 0.65625, 0.28125, 0.421875, 0.65625, 0.609375, 1.0, 0.890625, 0.375, 0.5625, 0.234375, 0.5625, 0.375, 0.5625, 0.890625, 1.0, 0.5625, 0.421875, 0.28125, 0.328125, 0.46875, 0.28125, 0.375, 0.5625, 1.0, 0.515625, 0.46875, 0.328125, 0.375, 0.65625, 0.5625, 0.421875, 0.515625, 1.0, 0.421875, 0.28125, 0.328125, 0.28125, 0.234375, 0.28125, 0.46875, 0.421875, 1.0]","[1.4426950008081086e-9, 0.5806519891648728, 1.4426950008081086e-9, 0.04939079048320961, 0.40153098624942724, 0.33063968233261687, 0.31787719118783964]","[1.0, 0.33297051083999857, 0.3232521255254474, 0.30901209654624306, 0.3071633509074639, 0.2892136946704561, 0.29087042257565177, 0.31823885628751725, 0.33297051083999857, 1.0000000000000002, 0.3193640747621032, 0.30930252047772255, 0.3069659253868299, 0.2887121599006677, 0.29032952552887437, 0.3175718896595267, 0.3232521255254474, 0.3193640747621032, 1.0000000000000002, 0.3243307234571871, 0.32590699647084503, 0.30267884748872714, 0.3038911863844332, 0.33141693159831115, 0.30901209654624306, 0.30930252047772255, 0.3243307234571871, 1.0, 0.3314032350541909, 0.30373700345566507, 0.3020377511691312, 0.3226395242085814, 0.3071633509074639, 0.3069659253868299, 0.32590699647084503, 0.3314032350541909, 1.0000000000000002, 0.30398463401930487, 0.31019199116418933, 0.32169876040317535, 0.2892136946704561, 0.2887121599006677, 0.30267884748872714, 0.30373700345566507, 0.30398463401930487, 1.0, 0.3325537471744941, 0.30533758796652627, 0.29087042257565177, 0.29032952552887437, 0.3038911863844332, 0.3020377511691312, 0.31019199116418933, 0.3325537471744941, 1.0000000000000002, 0.30564563070747547, 0.31823885628751725, 0.3175718896595267, 0.33141693159831115, 0.3226395242085814, 0.32169876040317535, 0.30533758796652627, 0.30564563070747547, 1.0]","[0.00345937947516095, 0.0697721932143353, 0.04633320164390567, 0.015891862895738552, 0.1667814565839501, 0.011459842212032632, 0.12429694727713328]"
"[1.4467312931592984, 1.42443956403901, 0.14174280793084532, 0.4079189386045447, 1.7060933904688231, 0.40895025887485853, 0.5462667490097567]","[[3, 5, 2, 4, 0, 5, 5, 2], [3, 0, 3, 5, 4, 2, 5, 2], [0, 4, 3, 0, 5, 5, 5, 4], [0, 2, 3, 5, 0, 0, 0, 4], [0, 0, 4, 4, 0, 0, 3, 0], [0, 0, 0, 5, 4, 0, 0, 5], [5, 2, 0, 4, 0, 4, 3, 0], [5, 5, 4, 4, 0, 0, 5, 3], [3, 0, 3, 2, 3, 2, 0, 0], [2, 3, 5, 5, 2, 0, 5, 4], [0, 4, 4, 2, 3, 3, 5, 5], [2, 5, 2, 5, 4, 4, 5, 2], [4, 2, 5, 0, 0, 3, 0, 0], [2, 5, 2, 2, 0, 2, 3, 0], [3, 5, 3, 0, 4, 5, 3, 4], [4, 4, 2, 4, 0, 2, 5, 3], [0, 1, 5, 5, 4, 0, 3, 3], [0, 2, 0, 2, 0, 5, 2, 3], [3, 4, 0, 4, 2, 5, 4, 0], [0, 0, 5, 0, 3, 5, 4, 3], [5, 0, 2, 5, 2, 2, 0, 5], [0, 4, 0, 2, 5, 0, 2, 5], [5, 3, 0, 2, 0, 4, 2, 4], [0, 3, 4, 5, 0, 0, 5, 4], [5, 1, 3, 0, 4, 4, 0, 2], [0, 5, 0, 0, 2, 0, 5, 2], [3, 0, 5, 5, 2, 3, 3, 3], [0, 0, 2, 3, 0, 0, 2, 0], [0, 0, 5, 5, 2, 5, 5, 0], [0, 2, 0, 0, 3, 2, 0, 2], [4, 0, 2, 4, 2, 5, 0, 4], [2, 4, 4, 0, 5, 0, 5, 2], [4, 4, 0, 0, 2, 5, 3, 3], [0, 0, 0, 2, 2, 2, 3, 4], [2, 5, 2, 5, 4, 0, 2, 5], [0, 3, 3, 3, 5, 2, 3, 0], [5, 4, 0, 0, 5, 5, 0, 0], [5, 0, 5, 3, 4, 2, 0, 5], [0, 3, 0, 4, 0, 5, 5, 0], [5, 0, 3, 3, 2, 0, 2, 3], [2, 5, 0, 2, 0, 2, 0, 3], [2, 2, 5, 3, 2, 3, 2, 5], [5, 2, 5, 3, 0, 3, 3, 0], [0, 4, 3, 5, 0, 5, 3, 2], [0, 0, 3, 0, 3, 0, 2, 0], [4, 4, 0, 4, 4, 5, 4, 5], [4, 0, 3, 3, 0, 0, 3, 3], [0, 0, 0, 0, 3, 4, 2, 3], [4, 4, 0, 0, 5, 0, 0, 2], [4, 4, 4, 0, 0, 3, 2, 0], [1, 3, 3, 0, 0, 0, 0, 2], [2, 5, 0, 2, 4, 0, 0, 4], [4, 2, 0, 4, 0, 5, 3, 0], [5, 4, 2, 0, 0, 5, 0, 0], [5, 2, 0, 0, 0, 4, 3, 2], [0, 0, 3, 4, 0, 4, 2, 2], [4, 4, 5, 5, 0, 5, 2, 0], [0, 5, 4, 2, 4, 3, 0, 3], [4, 4, 2, 2, 0, 0, 5, 0], [5, 5, 4, 0, 2, 2, 0, 2], [4, 0, 4, 5, 5, 5, 3, 5], [0, 3, 5, 2, 2, 5, 3, 2], [2, 5, 0, 2, 3, 3, 0, 0], [0, 5, 0, 4, 4, 0, 3, 5]]",-4.2367616277140385,-3.670210666697568,"[1.0, 0.703125, 0.65625, 0.375, 0.234375, 0.0, 0.28125, 0.28125, 0.703125, 1.0, 0.140625, 0.0, -0.375, -0.234375, 0.1875, 0.09375, 0.65625, 0.140625, 1.0, 0.703125, 0.328125, 0.421875, 0.28125, 0.1875, 0.375, 0.0, 0.703125, 1.0, 0.0, 0.234375, 0.515625, 0.234375, 0.234375, -0.375, 0.328125, 0.0, 1.0, 0.5625, 0.09375, 0.515625, 0.0, -0.234375, 0.421875, 0.234375, 0.5625, 1.0, 0.09375, 0.328125, 0.28125, 0.1875, 0.28125, 0.515625, 0.09375, 0.09375, 1.0, 0.046875, 0.28125, 0.09375, 0.1875, 0.234375, 0.515625, 0.328125, 0.046875, 1.0]","[0.571961247709439, 0.617501127671185, 1.4426950008081086e-9, 0.18164731572576664, 0.02453672596440961, 1.4426950008081086e-9, 1.4426950008081086e-9]","[1.0000000000000002, 0.3247366102751918, 0.3331742211490752, 0.31153917281301485, 0.284534259963773, 0.2842750793475974, 0.30607694970792204, 0.30792997976625014, 0.3247366102751918, 1.0000000000000002, 0.3243010714828347, 0.2961068702323231, 0.269073323906802, 0.2686539072554358, 0.28896332978212075, 0.29066385836680425, 0.3331742211490752, 0.3243010714828347, 1.0, 0.31120331905830817, 0.2859002548628637, 0.28531278121045484, 0.30654326356914235, 0.3082914878531119, 0.31153917281301485, 0.2961068702323231, 0.31120331905830817, 1.0, 0.31131722582576643, 0.3167246826736106, 0.3287671884046375, 0.32863784209281677, 0.284534259963773, 0.269073323906802, 0.2859002548628637, 0.31131722582576643, 1.0, 0.3320080450123608, 0.3144888411914972, 0.30543103090679424, 0.2842750793475974, 0.2686539072554358, 0.28531278121045484, 0.3167246826736106, 0.3320080450123608, 1.0, 0.30932451304540337, 0.3071865432969205, 0.30607694970792204, 0.28896332978212075, 0.30654326356914235, 0.3287671884046375, 0.3144888411914972, 0.30932451304540337, 1.0, 0.33179907992422497, 0.30792997976625014, 0.29066385836680425, 0.3082914878531119, 0.32863784209281677, 0.30543103090679424, 0.3071865432969205, 0.33179907992422497, 1.0000000000000002]","[0.09513662217624744, 0.09840615606001205, 0.10411781260954558, 0.11938931890835852, 0.018201540660075184, 0.13170119562175325, 0.009268770051250267]"
"[1.0506910382003034, 0.6513159159702099, 0.7583591265127102, 1.3949583586746448, 0.9836300201522002, 0.6232811888467477, 1.2595055537118665]","[[4, 0, 5, 5, 3, 2, 1, 2], [0, 0, 5, 5, 5, 4, 2, 2], [4, 3, 2, 0, 2, 3, 2, 2], [4, 3, 3, 4, 2, 0, 3, 0], [2, 2, 4, 0, 3, 0, 0, 3], [4, 3, 2, 4, 3, 0, 4, 3], [2, 0, 0, 2, 0, 0, 0, 2], [4, 0, 0, 1, 2, 4, 3, 0], [3, 5, 5, 2, 3, 4, 0, 2], [0, 0, 2, 0, 3, 4, 4, 5], [0, 3, 3, 2, 2, 5, 0, 5], [5, 2, 4, 2, 4, 2, 0, 3], [5, 0, 3, 0, 0, 4, 0, 0], [3, 2, 0, 2, 2, 4, 2, 2], [4, 5, 4, 5, 5, 0, 0, 2], [3, 4, 0, 4, 0, 2, 0, 2], [0, 4, 2, 2, 4, 4, 2, 2], [0, 4, 0, 5, 0, 5, 4, 4], [3, 2, 5, 3, 0, 4, 0, 5], [2, 0, 5, 0, 0, 2, 4, 4], [5, 0, 3, 4, 5, 2, 0, 2], [4, 5, 0, 0, 3, 2, 2, 0], [0, 0, 4, 5, 5, 2, 2, 0], [5, 0, 0, 4, 2, 4, 2, 4], [4, 4, 2, 2, 4, 0, 2, 0], [0, 0, 0, 5, 4, 0, 0, 2], [2, 3, 4, 2, 0, 0, 5, 0], [5, 0, 2, 0, 0, 3, 0, 0], [0, 2, 5, 0, 2, 5, 4, 0], [3, 4, 0, 0, 0, 0, 4, 0], [4, 0, 0, 0, 3, 2, 2, 4], [4, 2, 0, 0, 0, 4, 2, 3], [4, 2, 5, 0, 4, 0, 0, 0], [3, 3, 0, 0, 0, 4, 2, 0], [0, 2, 3, 2, 0, 3, 2, 4], [0, 2, 4, 0, 0, 5, 0, 2], [0, 0, 4, 3, 0, 0, 3, 0], [2, 4, 0, 0, 2, 5, 2, 4], [2, 4, 0, 2, 0, 0, 3, 2], [5, 4, 2, 5, 5, 5, 5, 2], [3, 0, 0, 5, 4, 4, 2, 0], [4, 0, 2, 3, 0, 3, 0, 0], [0, 3, 4, 0, 4, 0, 0, 2], [3, 0, 5, 0, 0, 3, 5, 0], [2, 0, 3, 2, 3, 0, 4, 3], [4, 0, 0, 2, 3, 2, 2, 5], [4, 5, 0, 3, 2, 2, 0, 0], [4, 4, 2, 5, 0, 1, 1, 0], [0, 3, 0, 2, 3, 0, 0, 4], [3, 4, 3, 4, 0, 5, 0, 3], [0, 3, 0, 4, 0, 0, 0, 0], [5, 3, 0, 4, 0, 5, 5, 3], [4, 5, 0, 5, 5, 2, 3, 0], [3, 2, 3, 5, 5, 3, 2, 5], [4, 3, 4, 0, 0, 4, 0, 3], [0, 3, 5, 0, 0, 2, 5, 3], [5, 0, 5, 0, 0, 3, 3, 4], [2, 2, 0, 2, 0, 4, 4, 0], [0, 0, 0, 2, 2, 4, 3, 2], [0, 2, 5, 2, 0, 4, 0, 2], [0, 5, 2, 2, 0, 2, 2, 3], [4, 0, 5, 0, 4, 0, 2, 0], [3, 3, 5, 3, 2, 3, 2, 5], [3, 0, 0, 2, 3, 4, 0, 0]]",-4.218683054887892,-3.6580084083863373,"[1.0, 0.140625, 0.234375, 0.234375, 0.421875, 0.515625, 0.234375, 0.0, 0.140625, 1.0, 0.328125, 0.46875, 0.46875, 0.046875, 0.421875, 0.65625, 0.234375, 0.328125, 1.0, 0.1875, 0.328125, 0.09375, 0.421875, 0.5625, 0.234375, 0.46875, 0.1875, 1.0, 0.46875, 0.328125, 0.515625, 0.609375, 0.421875, 0.46875, 0.328125, 0.46875, 1.0, 0.09375, 0.46875, 0.75, 0.515625, 0.046875, 0.09375, 0.328125, 0.09375, 1.0, 0.5625, 0.1875, 0.234375, 0.421875, 0.421875, 0.515625, 0.46875, 0.5625, 1.0, 0.328125, 0.0, 0.65625, 0.5625, 0.609375, 0.75, 0.1875, 0.328125, 1.0]","[0.43376952449531186, 0.7155490081608524, 0.2905327194251923, 1.4426950008081086e-9, 0.08893517245178051, 0.43305525383669835, 1.0607236623274934]","[1.0, 0.3307805355593447, 0.3259792572035558, 0.3026135874231178, 0.2967219868693554, 0.30846228588631147, 0.3032683407902311, 0.3069249856277813, 0.3307805355593447, 1.0000000000000002, 0.3211933239001894, 0.3055140895637449, 0.2971081884720403, 0.3062197623974349, 0.2997783895921335, 0.3031008279686029, 0.3259792572035558, 0.3211933239001894, 1.0, 0.3174935877854888, 0.31745893188428054, 0.31766944162992905, 0.30597726173133616, 0.3082395976398943, 0.3026135874231178, 0.3055140895637449, 0.3174935877854888, 1.0000000000000002, 0.3262547976357489, 0.3235862805304513, 0.2984571069530452, 0.2974909921333458, 0.2967219868693554, 0.2971081884720403, 0.31745893188428054, 0.3262547976357489, 1.0, 0.3198822514532002, 0.3016804311778088, 0.2977623266473371, 0.30846228588631147, 0.3062197623974349, 0.31766944162992905, 0.3235862805304513, 0.3198822514532002, 1.0000000000000002, 0.3151199002342184, 0.3203648197375782, 0.3032683407902311, 0.2997783895921335, 0.30597726173133616, 0.2984571069530452, 0.3016804311778088, 0.3151199002342184, 1.0000000000000002, 0.3312128278161013, 0.3069249856277813, 0.3031008279686029, 0.3082395976398943, 0.2974909921333458, 0.2977623266473371, 0.3203648197375782, 0.3312128278161013, 1.0]","[0.021514167709012752, 0.07908530834770328, 0.11125938907372779, 0.07927781620728591, 0.11066609080055441, 0.1179047173498862, 0.021165084156781783]"
"[1.8060670765394105, 0.7581096598242075, 0.6494524867394681, 1.2768118233836085, 1.636021826824238, 0.2952587138925435, 0.2820896429547725]","[[3, 0, 2, 2, 2, 0, 0, 2], [0, 2, 3, 2, 0, 2, 5, 2], [0, 2, 5, 3, 2, 5, 0, 2], [4, 4, 0, 2, 3, 3, 2, 0], [2, 3, 2, 5, 0, 2, 3, 4], [0, 2, 0, 0, 5, 0, 4, 2], [0, 4, 2, 3, 0, 2, 0, 3], [4, 0, 0, 0, 3, 1, 5, 2], [0, 5, 5, 0, 5, 0, 0, 0], [0, 0, 4, 0, 0, 2, 3, 3], [0, 0, 4, 4, 0, 4, 3, 2], [0, 2, 4, 0, 2, 0, 4, 4], [5, 2, 5, 0, 3, 2, 2, 0], [0, 2, 4, 5, 4, 4, 5, 0], [0, 3, 5, 0, 5, 2, 0, 0], [3, 5, 4, 4, 3, 3, 2, 5], [2, 2, 0, 0, 0, 5, 5, 0], [4, 5, 3, 5, 5, 0, 3, 4], [3, 2, 5, 5, 5, 2, 0, 3], [3, 2, 2, 3, 0, 4, 3, 4], [3, 2, 5, 5, 3, 0, 0, 5], [4, 2, 4, 0, 3, 0, 2, 1], [0, 5, 5, 4, 0, 4, 3, 0], [5, 3, 5, 2, 0, 0, 5, 2], [4, 0, 3, 2, 1, 1, 4, 5], [3, 2, 3, 0, 4, 2, 0, 0], [3, 4, 0, 2, 3, 0, 3, 5], [2, 5, 2, 0, 3, 5, 0, 4], [3, 0, 0, 5, 2, 4, 5, 2], [5, 3, 0, 0, 5, 2, 5, 3], [0, 5, 0, 5, 3, 3, 4, 0], [0, 0, 2, 2, 4, 4, 0, 0], [5, 5, 0, 4, 5, 2, 3, 2], [3, 2, 4, 3, 5, 0, 4, 3], [2, 0, 3, 5, 2, 2, 3, 3], [3, 4, 0, 0, 0, 0, 4, 3], [0, 0, 0, 5, 5, 0, 5, 4], [0, 2, 2, 5, 0, 3, 0, 3], [3, 1, 4, 0, 0, 2, 0, 4], [4, 2, 0, 0, 3, 4, 5, 3], [0, 0, 3, 0, 5, 0, 1, 5], [0, 3, 0, 3, 2, 3, 4, 0], [4, 5, 2, 2, 2, 0, 0, 0], [5, 3, 4, 5, 4, 0, 0, 2], [4, 1, 5, 3, 0, 4, 4, 5], [3, 0, 2, 2, 0, 4, 5, 0], [4, 3, 4, 2, 2, 5, 0, 3], [2, 4, 3, 4, 2, 2, 3, 0], [2, 5, 5, 2, 4, 2, 2, 2], [3, 2, 5, 0, 0, 2, 3, 5], [3, 4, 5, 5, 2, 3, 3, 4], [0, 3, 0, 3, 0, 5, 2, 2], [0, 5, 4, 5, 3, 2, 3, 0], [5, 0, 3, 5, 1, 5, 2, 3], [5, 2, 4, 3, 3, 5, 3, 0], [4, 4, 0, 0, 5, 2, 4, 0], [0, 0, 4, 5, 2, 5, 0, 0], [3, 0, 2, 4, 5, 5, 5, 5], [2, 1, 4, 2, 0, 4, 4, 3], [0, 5, 5, 4, 4, 2, 2, 0], [4, 0, 4, 3, 4, 0, 2, 2], [5, 4, 0, 2, 5, 0, 0, 2], [0, 0, 0, 5, 2, 3, 4, 2], [2, 0, 4, 2, 5, 5, 0, 2]]",-4.269849980843886,-3.7470788522281184,"[1.0, 0.046875, 0.234375, 0.375, 0.421875, 0.46875, 0.46875, 0.46875, 0.046875, 1.0, 0.1875, -0.09375, -0.375, 0.1875, 0.09375, 0.0, 0.234375, 0.1875, 1.0, 0.28125, 0.1875, -0.046875, 0.140625, 0.375, 0.375, -0.09375, 0.28125, 1.0, 0.234375, 0.328125, 0.234375, 0.140625, 0.421875, -0.375, 0.1875, 0.234375, 1.0, 0.328125, -0.09375, 0.234375, 0.46875, 0.1875, -0.046875, 0.328125, 0.328125, 1.0, 0.0, -0.046875, 0.46875, 0.09375, 0.140625, 0.234375, -0.09375, 0.0, 1.0, 0.328125, 0.46875, 0.0, 0.375, 0.140625, 0.234375, -0.046875, 0.328125, 1.0]","[0.041160912215452025, 0.5752347555215752, 0.3750709645466094, 0.13506415166769672, 1.4426950008081086e-9, 0.09437044790378772, 0.4947510606506632]","[1.0000000000000002, 0.33117475473691343, 0.32084274814618957, 0.29129488880551596, 0.2703032320953593, 0.2804147303184025, 0.3013408192663479, 0.3018861402771146, 0.33117475473691343, 1.0000000000000002, 0.31103605853843497, 0.2909078852739842, 0.2686230616552175, 0.27744649474420396, 0.29637719243224836, 0.2966853401887245, 0.32084274814618957, 0.31103605853843497, 1.0000000000000002, 0.3160903539082009, 0.3020993278597049, 0.30754937985139, 0.32116460681015446, 0.32055717313336357, 0.29129488880551596, 0.2909078852739842, 0.3160903539082009, 1.0000000000000002, 0.3193179696056515, 0.32852972198228386, 0.3143208299585832, 0.30995345672610625, 0.2703032320953593, 0.2686230616552175, 0.3020993278597049, 0.3193179696056515, 1.0, 0.3266130528061336, 0.30057834418843343, 0.2919904185460496, 0.2804147303184025, 0.27744649474420396, 0.30754937985139, 0.32852972198228386, 0.3266130528061336, 1.0000000000000002, 0.30915753329833956, 0.30611761919121294, 0.3013408192663479, 0.29637719243224836, 0.32116460681015446, 0.3143208299585832, 0.30057834418843343, 0.30915753329833956, 1.0000000000000002, 0.3323864081490843, 0.3018861402771146, 0.2966853401887245, 0.32055717313336357, 0.30995345672610625, 0.2919904185460496, 0.30611761919121294, 0.3323864081490843, 1.0]","[0.03233353431373625, 0.15526831118866735, 0.11528997500718229, 0.14184014421315128, 0.08815106856481458, 0.12374808299966526, 0.004828609826142852]"
"[0.621490561236918, 0.3676380355402122, 1.3055359750465705, 1.8354859093573765, 1.4610865371276687, 0.9193518554494643, 0.6227215639757334]","[[3, 3, 0, 1, 4, 4, 2, 4], [4, 0, 5, 0, 1, 5, 2, 0], [2, 3, 5, 4, 3, 2, 4, 0], [0, 0, 3, 5, 0, 4, 0, 5], [4, 3, 0, 3, 4, 0, 5, 5], [2, 2, 0, 3, 2, 2, 3, 0], [0, 2, 5, 0, 2, 4, 3, 0], [5, 3, 2, 0, 0, 0, 5, 5], [3, 0, 0, 2, 3, 0, 3, 2], [5, 0, 2, 4, 0, 2, 5, 4], [2, 0, 2, 3, 2, 0, 5, 0], [0, 0, 3, 0, 0, 3, 5, 4], [3, 2, 0, 3, 2, 0, 3, 5], [3, 5, 0, 0, 3, 2, 0, 5], [5, 5, 0, 0, 3, 2, 4, 5], [3, 2, 2, 0, 2, 0, 4, 4], [3, 5, 0, 0, 4, 2, 2, 3], [0, 4, 3, 4, 4, 0, 0, 0], [0, 0, 4, 0, 5, 5, 2, 2], [0, 3, 3, 2, 3, 0, 0, 4], [4, 2, 3, 2, 5, 3, 3, 5], [0, 2, 5, 5, 5, 5, 3, 3], [3, 5, 0, 0, 2, 2, 0, 5], [3, 0, 3, 2, 2, 5, 0, 5], [5, 3, 4, 0, 4, 4, 4, 2], [3, 5, 0, 3, 5, 2, 1, 5], [4, 0, 0, 2, 0, 4, 3, 4], [3, 2, 5, 5, 5, 5, 3, 5], [4, 3, 2, 0, 4, 3, 2, 4], [4, 5, 0, 4, 3, 2, 0, 3], [3, 2, 3, 0, 4, 1, 4, 2], [0, 2, 4, 2, 5, 0, 0, 3], [0, 0, 0, 0, 5, 3, 4, 5], [4, 5, 2, 2, 0, 0, 0, 0], [3, 5, 3, 2, 0, 2, 0, 4], [0, 5, 0, 3, 4, 3, 5, 5], [4, 3, 5, 5, 2, 5, 5, 0], [0, 0, 0, 3, 5, 0, 4, 4], [0, 2, 1, 5, 3, 5, 4, 0], [2, 2, 3, 1, 3, 0, 5, 2], [5, 0, 0, 0, 5, 0, 2, 3], [2, 0, 2, 0, 2, 0, 3, 2], [3, 4, 4, 2, 4, 2, 3, 4], [0, 4, 0, 3, 3, 3, 5, 4], [4, 4, 0, 2, 2, 0, 0, 0], [2, 4, 3, 0, 1, 3, 0, 3], [2, 0, 4, 2, 0, 3, 0, 0], [0, 3, 0, 4, 0, 0, 4, 0], [2, 0, 5, 5, 5, 2, 5, 3], [2, 0, 2, 5, 2, 3, 5, 4], [0, 0, 1, 1, 4, 4, 0, 0], [4, 0, 2, 3, 5, 4, 3, 4], [0, 3, 0, 0, 0, 0, 0, 2], [0, 3, 0, 0, 4, 0, 2, 4], [0, 0, 2, 3, 2, 0, 2, 0], [4, 4, 0, 4, 2, 0, 0, 2], [0, 3, 2, 4, 4, 0, 4, 0], [0, 0, 0, 0, 2, 0, 3, 0], [2, 4, 4, 0, 3, 4, 2, 3], [0, 0, 0, 2, 3, 0, 0, 3], [0, 0, 2, 3, 0, 2, 3, 5], [0, 3, 4, 0, 4, 3, 0, 3], [2, 0, 4, 5, 0, 3, 0, 4], [0, 2, 2, 2, 0, 2, 3, 5]]",-4.2847450496945365,-3.855079796020021,"[1.0, 0.421875, 0.328125, 0.1875, 0.234375, 0.140625, 0.328125, 0.375, 0.421875, 1.0, 0.234375, 0.375, 0.46875, 0.515625, -0.234375, 0.515625, 0.328125, 0.234375, 1.0, 0.234375, 0.609375, 0.890625, 0.28125, 0.234375, 0.1875, 0.375, 0.234375, 1.0, 0.09375, 0.375, 0.28125, 0.09375, 0.234375, 0.46875, 0.609375, 0.09375, 1.0, 0.328125, 0.046875, 0.421875, 0.140625, 0.515625, 0.890625, 0.375, 0.328125, 1.0, 0.28125, 0.515625, 0.328125, -0.234375, 0.28125, 0.28125, 0.046875, 0.28125, 1.0, 0.046875, 0.375, 0.515625, 0.234375, 0.09375, 0.421875, 0.515625, 0.046875, 1.0]","[0.1908788183935734, 1.4426950008081086e-9, 1.4426950008081086e-9, 0.6982961409173478, 1.4426950008081086e-9, 0.7363072585172529, 0.23523897856203818]","[1.0000000000000002, 0.3321660560843032, 0.3128426403841119, 0.28097278905615314, 0.2759925430504079, 0.2967545788378924, 0.31580779751260535, 0.32526266534350673, 0.3321660560843032, 1.0000000000000002, 0.31345247528829373, 0.28881964124950965, 0.28174153732550633, 0.2996045095659156, 0.3160332130398216, 0.3241631345782411, 0.3128426403841119, 0.31345247528829373, 1.0000000000000002, 0.3167070589806782, 0.31523328080081575, 0.3133007526786879, 0.31168530324717286, 0.310925825423119, 0.28097278905615314, 0.28881964124950965, 0.3167070589806782, 1.0, 0.3214411885423116, 0.31628234766735003, 0.29485993939726124, 0.2843570245369649, 0.2759925430504079, 0.28174153732550633, 0.31523328080081575, 0.3214411885423116, 1.0, 0.3163697292791948, 0.30059836858875105, 0.28320148418711183, 0.2967545788378924, 0.2996045095659156, 0.3133007526786879, 0.31628234766735003, 0.3163697292791948, 1.0000000000000002, 0.31664595432488374, 0.30932929054607744, 0.31580779751260535, 0.3160332130398216, 0.31168530324717286, 0.29485993939726124, 0.30059836858875105, 0.31664595432488374, 1.0, 0.32612798797387793, 0.32526266534350673, 0.3241631345782411, 0.310925825423119, 0.2843570245369649, 0.28320148418711183, 0.30932929054607744, 0.32612798797387793, 1.0]","[0.0074390244074532645, 0.1086479409782658, 0.17679180227269975, 0.20104722748386802, 0.2111609381871709, 0.13588565372077757, 0.046142945496801153]"
"[1.4684262526200864, 1.040624786872024, 1.4194825759532066, 1.3272940317445099, 0.4172254427288495, 1.0692102152368255, 0.27402711604638935]","[[0, 5, 4, 4, 3, 4, 4, 4], [4, 4, 3, 3, 0, 3, 5, 3], [2, 3, 2, 2, 5, 2, 0, 3], [0, 5, 3, 2, 4, 2, 3, 4], [5, 3, 0, 0, 3, 3, 0, 0], [3, 4, 4, 4, 4, 0, 5, 5], [4, 4, 0, 5, 3, 2, 2, 2], [0, 0, 4, 0, 4, 3, 0, 0], [4, 3, 3, 2, 3, 3, 2, 5], [4, 5, 3, 2, 5, 0, 2, 4], [3, 0, 0, 0, 3, 2, 3, 0], [0, 4, 2, 4, 2, 2, 4, 2], [0, 5, 5, 5, 0, 1, 1, 0], [0, 2, 5, 0, 4, 4, 0, 0], [3, 3, 5, 3, 5, 4, 2, 4], [2, 0, 4, 4, 3, 0, 0, 4], [0, 0, 0, 4, 5, 2, 0, 5], [0, 0, 3, 3, 0, 4, 0, 4], [5, 0, 0, 4, 0, 3, 5, 5], [0, 0, 4, 0, 0, 0, 2, 0], [4, 4, 2, 5, 4, 3, 1, 5], [2, 5, 3, 5, 3, 5, 2, 0], [0, 3, 5, 2, 4, 2, 0, 0], [4, 3, 2, 3, 0, 0, 2, 0], [2, 0, 3, 3, 5, 5, 3, 2], [4, 3, 0, 5, 3, 3, 5, 5], [3, 0, 5, 3, 5, 0, 3, 5], [0, 5, 0, 2, 0, 4, 0, 0], [2, 3, 0, 0, 2, 5, 3, 4], [0, 0, 5, 3, 5, 2, 0, 5], [5, 3, 0, 2, 1, 2, 3, 0], [3, 5, 0, 0, 0, 0, 2, 5], [0, 0, 0, 0, 5, 0, 4, 2], [5, 0, 4, 0, 5, 2, 0, 0], [4, 5, 2, 4, 0, 3, 2, 0], [5, 0, 4, 0, 3, 4, 4, 3], [0, 5, 2, 4, 4, 5, 2, 2], [0, 0, 0, 3, 0, 0, 4, 0], [5, 0, 2, 2, 5, 4, 3, 5], [2, 2, 5, 5, 0, 0, 4, 4], [2, 0, 0, 4, 2, 0, 3, 0], [4, 3, 3, 5, 0, 5, 2, 0], [1, 2, 4, 3, 0, 3, 5, 4], [5, 2, 0, 0, 0, 0, 5, 2], [0, 0, 4, 2, 4, 0, 3, 5], [2, 4, 3, 3, 0, 0, 3, 3], [2, 2, 0, 0, 0, 2, 5, 3], [0, 5, 2, 5, 3, 5, 2, 4], [0, 4, 0, 4, 0, 3, 2, 5], [1, 1, 3, 0, 5, 3, 0, 0], [0, 0, 0, 0, 5, 2, 5, 0], [0, 0, 4, 4, 0, 3, 3, 5], [0, 0, 3, 5, 3, 0, 0, 0], [1, 2, 4, 4, 4, 5, 5, 5], [4, 4, 2, 0, 0, 2, 3, 5], [0, 2, 4, 0, 0, 3, 5, 0], [0, 5, 5, 0, 4, 0, 0, 0], [5, 4, 0, 4, 2, 4, 4, 0], [3, 0, 5, 5, 4, 5, 3, 0], [4, 3, 3, 0, 0, 0, 4, 2], [2, 5, 5, 0, 4, 3, 5, 0], [3, 4, 4, 2, 3, 5, 5, 0], [0, 4, 3, 0, 4, 4, 4, 0], [0, 3, 0, 2, 3, 5, 0, 0]]",-4.264294661641666,-3.7766617563725244,"[1.0, 0.65625, 0.140625, 0.09375, 0.515625, 0.046875, 0.234375, 0.421875, 0.65625, 1.0, 0.5625, 0.1875, 0.375, 0.421875, 0.1875, 0.046875, 0.140625, 0.5625, 1.0, 0.84375, 0.46875, 0.328125, 0.09375, 0.421875, 0.09375, 0.1875, 0.84375, 1.0, 0.1875, 0.65625, 0.234375, 0.375, 0.515625, 0.375, 0.46875, 0.1875, 1.0, 0.328125, -0.28125, 0.328125, 0.046875, 0.421875, 0.328125, 0.65625, 0.328125, 1.0, 0.234375, 0.328125, 0.234375, 0.1875, 0.09375, 0.234375, -0.28125, 0.234375, 1.0, 0.75, 0.421875, 0.046875, 0.421875, 0.375, 0.328125, 0.328125, 0.75, 1.0]","[0.04762773015262047, 0.1697765549926238, 1.4426950008081086e-9, 1.4426950008081086e-9, 0.6230918835769415, 1.4426950008081086e-9, 0.34845045286744164]","[1.0000000000000002, 0.3280533830288545, 0.3157905570376282, 0.29783672060654504, 0.3034484286129108, 0.30096453100424675, 0.30069685824260056, 0.3103104282634031, 0.3280533830288545, 1.0000000000000002, 0.311680037093687, 0.3041011708845877, 0.3020105260677623, 0.2919807014737165, 0.2906664318660225, 0.29913904675046227, 0.3157905570376282, 0.311680037093687, 1.0000000000000002, 0.3210456229623137, 0.3228265953350573, 0.2955475141787202, 0.2917738276593892, 0.29840312484899995, 0.29783672060654504, 0.3041011708845877, 0.3210456229623137, 1.0000000000000002, 0.32280626466640094, 0.2966868896078195, 0.2902020445683235, 0.29434986748446534, 0.3034484286129108, 0.3020105260677623, 0.3228265953350573, 0.32280626466640094, 1.0, 0.3094152721895867, 0.310970532957578, 0.3122630331775114, 0.30096453100424675, 0.2919807014737165, 0.2955475141787202, 0.2966868896078195, 0.3094152721895867, 1.0, 0.3317702335749937, 0.32514498431525723, 0.30069685824260056, 0.2906664318660225, 0.2917738276593892, 0.2902020445683235, 0.310970532957578, 0.3317702335749937, 1.0, 0.32335651413200434, 0.3103104282634031, 0.29913904675046227, 0.29840312484899995, 0.29434986748446534, 0.3122630331775114, 0.32514498431525723, 0.32335651413200434, 1.0000000000000002]","[0.06403653299679286, 0.1960422925335313, 0.14691916347219325, 0.11259714084506443, 0.1360526438353513, 0.013661067137629584, 0.050028524549200794]"
"[1.9753308824445754, 0.554810339282087, 0.591286995473176, 1.7165848875582057, 1.7256905325976306, 1.4771661320468454, 1.4268327523288697]","[[4, 1, 2, 0, 5, 2, 5, 2], [2, 3, 0, 5, 0, 2, 0, 0], [3, 0, 5, 4, 3, 2, 2, 3], [5, 0, 0, 3, 4, 2, 4, 3], [3, 0, 0, 4, 0, 2, 4, 0], [0, 4, 5, 0, 2, 0, 3, 5], [0, 0, 0, 4, 2, 0, 2, 0], [4, 0, 5, 3, 0, 3, 5, 0], [0, 2, 2, 2, 3, 0, 4, 4], [2, 5, 5, 0, 3, 0, 2, 4], [4, 5, 0, 5, 0, 5, 0, 3], [2, 5, 3, 4, 0, 0, 5, 0], [3, 0, 0, 2, 3, 2, 4, 3], [5, 3, 3, 0, 0, 2, 0, 5], [5, 3, 0, 3, 2, 5, 3, 4], [2, 4, 4, 2, 3, 0, 4, 0], [2, 3, 0, 2, 5, 0, 2, 4], [0, 0, 2, 4, 2, 5, 3, 0], [5, 5, 4, 0, 0, 5, 2, 3], [5, 2, 0, 0, 0, 2, 0, 5], [4, 3, 0, 5, 0, 0, 3, 5], [0, 4, 0, 3, 3, 2, 5, 5], [2, 0, 3, 0, 5, 4, 0, 4], [2, 3, 3, 4, 5, 5, 2, 0], [0, 4, 2, 0, 4, 1, 4, 4], [0, 5, 0, 0, 5, 5, 5, 5], [3, 3, 2, 0, 0, 3, 0, 2], [4, 3, 5, 0, 2, 3, 0, 0], [5, 5, 3, 0, 2, 0, 4, 2], [3, 2, 2, 0, 3, 5, 5, 5], [5, 3, 5, 5, 2, 2, 5, 2], [3, 3, 2, 5, 3, 2, 0, 0], [4, 3, 0, 5, 0, 4, 0, 0], [2, 3, 0, 0, 0, 2, 5, 0], [0, 0, 4, 2, 4, 4, 2, 2], [4, 2, 0, 3, 2, 3, 2, 5], [5, 5, 3, 0, 0, 5, 0, 3], [5, 0, 2, 4, 4, 0, 2, 0], [0, 0, 0, 0, 0, 2, 0, 0], [0, 3, 5, 0, 0, 3, 0, 4], [0, 5, 3, 0, 0, 4, 2, 4], [0, 2, 0, 0, 0, 0, 5, 0], [4, 0, 5, 2, 5, 4, 5, 0], [0, 3, 0, 4, 0, 0, 3, 0], [5, 5, 2, 2, 4, 0, 2, 0], [0, 0, 0, 5, 0, 3, 2, 3], [5, 0, 2, 4, 4, 4, 0, 3], [4, 2, 3, 3, 4, 4, 0, 0], [3, 4, 2, 4, 4, 0, 4, 2], [2, 2, 3, 0, 0, 0, 4, 0], [4, 3, 2, 5, 2, 2, 0, 0], [2, 3, 2, 5, 0, 4, 2, 5], [4, 4, 3, 3, 5, 3, 0, 4], [5, 0, 3, 2, 0, 0, 0, 0], [2, 2, 0, 4, 0, 3, 0, 5], [5, 3, 4, 4, 0, 4, 3, 0], [0, 3, 3, 4, 3, 0, 0, 4], [0, 3, 0, 3, 4, 4, 0, 5], [0, 4, 3, 4, 5, 3, 4, 0], [0, 3, 5, 5, 5, 3, 4, 4], [1, 1, 2, 3, 4, 4, 0, 4], [0, 5, 3, 0, 0, 0, 2, 5], [4, 0, 4, 3, 2, 3, 2, 0], [0, 3, 0, 4, 0, 5, 0, 3]]",-4.460822184342993,-4.0747364968531965,"[1.0, 0.375, -0.046875, 0.140625, 0.1875, 0.328125, 0.140625, 0.28125, 0.375, 1.0, 0.234375, 0.140625, 0.09375, 0.140625, 0.421875, 0.375, -0.046875, 0.234375, 1.0, 0.421875, 0.703125, 0.375, 0.46875, 0.375, 0.140625, 0.140625, 0.421875, 1.0, 0.421875, 0.28125, 0.5625, 0.328125, 0.1875, 0.09375, 0.703125, 0.421875, 1.0, 0.328125, 0.65625, 0.65625, 0.328125, 0.140625, 0.375, 0.28125, 0.328125, 1.0, 0.046875, 0.46875, 0.140625, 0.421875, 0.46875, 0.5625, 0.65625, 0.046875, 1.0, 0.5625, 0.28125, 0.375, 0.375, 0.328125, 0.65625, 0.46875, 0.5625, 1.0]","[0.15520532362598935, 0.4432958343119772, 0.08862365087378359, 0.5264085413498282, 0.25587063072808097, 0.329987450344814, 1.4426950008081086e-9]","[1.0000000000000002, 0.33227545463199437, 0.3135522386142113, 0.2726699584299925, 0.24915593134225375, 0.25077063365749486, 0.25932327758306184, 0.27883019673688103, 0.33227545463199437, 1.0, 0.30492742619724256, 0.2732421332048471, 0.2493619577638113, 0.2502472014964118, 0.2580747114248601, 0.2769034449878146, 0.3135522386142113, 0.30492742619724256, 1.0, 0.3073286613644392, 0.29152802124084515, 0.28802387795004225, 0.29193451698980794, 0.3091209672617035, 0.2726699584299925, 0.2732421332048471, 0.3073286613644392, 1.0, 0.321100160811641, 0.31709753558619425, 0.3006263736900645, 0.30124119380365344, 0.24915593134225375, 0.2493619577638113, 0.29152802124084515, 0.321100160811641, 1.0, 0.31716087458032355, 0.30417134814662944, 0.29261886516383667, 0.25077063365749486, 0.2502472014964118, 0.28802387795004225, 0.31709753558619425, 0.31716087458032355, 1.0000000000000002, 0.31406212673211537, 0.31075501337993905, 0.25932327758306184, 0.2580747114248601, 0.29193451698980794, 0.3006263736900645, 0.30417134814662944, 0.31406212673211537, 1.0, 0.3225042077153728, 0.27883019673688103, 0.2769034449878146, 0.3091209672617035, 0.30124119380365344, 0.29261886516383667, 0.31075501337993905, 0.3225042077153728, 1.0000000000000002]","[0.018191975093996143, 0.17264366174760504, 0.16675056000793956, 0.18758469650763618, 0.26507872011951583, 0.2591940668800854, 0.1311430580019254]"
"[0.562542225538453, 1.3657384828152141, 1.7981457856241687, 0.2799710354236828, 0.49122867435179857, 0.5070474237057189, 0.5272484059234551]","[[5, 2, 4, 4, 4, 2, 5, 4], [2, 3, 5, 3, 4, 0, 0, 4], [4, 4, 3, 5, 0, 4, 0, 2], [5, 5, 2, 3, 0, 5, 0, 0], [4, 5, 0, 2, 4, 0, 3, 2], [4, 0, 0, 5, 3, 3, 2, 0], [0, 4, 0, 2, 4, 4, 4, 0], [0, 5, 0, 3, 0, 4, 5, 3], [0, 3, 4, 4, 0, 2, 0, 2], [4, 3, 0, 0, 5, 0, 0, 2], [4, 0, 5, 0, 5, 2, 0, 0], [3, 4, 3, 4, 4, 2, 0, 0], [5, 4, 2, 0, 2, 0, 2, 4], [4, 5, 0, 4, 2, 5, 2, 3], [2, 2, 5, 5, 0, 3, 5, 3], [4, 0, 0, 3, 0, 0, 0, 0], [2, 5, 1, 3, 3, 3, 5, 0], [0, 2, 0, 2, 2, 5, 2, 4], [0, 2, 2, 3, 5, 0, 2, 4], [2, 0, 3, 4, 2, 4, 0, 5], [3, 2, 3, 5, 5, 5, 3, 0], [0, 0, 0, 4, 0, 4, 0, 3], [3, 2, 3, 5, 3, 0, 5, 0], [0, 2, 4, 0, 5, 2, 5, 0], [3, 2, 3, 4, 3, 5, 2, 5], [2, 3, 2, 2, 0, 2, 4, 5], [0, 4, 4, 5, 5, 2, 5, 5], [0, 5, 0, 3, 4, 0, 3, 2], [3, 4, 2, 2, 4, 4, 5, 3], [2, 5, 0, 5, 5, 3, 0, 0], [3, 2, 3, 0, 2, 0, 5, 5], [5, 4, 3, 0, 4, 0, 5, 3], [2, 3, 0, 0, 3, 5, 2, 2], [0, 0, 3, 0, 0, 4, 3, 0], [0, 3, 0, 4, 0, 4, 2, 0], [4, 3, 3, 4, 0, 0, 0, 3], [0, 0, 4, 1, 2, 2, 2, 3], [3, 0, 2, 5, 0, 3, 3, 0], [2, 0, 5, 3, 5, 4, 0, 0], [4, 0, 5, 2, 2, 2, 3, 0], [5, 0, 3, 0, 2, 5, 5, 4], [4, 0, 3, 2, 5, 0, 2, 2], [2, 4, 5, 2, 2, 3, 2, 5], [5, 0, 3, 2, 3, 0, 4, 2], [5, 3, 5, 5, 0, 0, 4, 5], [4, 1, 4, 3, 4, 5, 2, 0], [2, 0, 5, 5, 3, 3, 2, 4], [0, 3, 2, 4, 0, 4, 5, 2], [4, 0, 4, 0, 3, 2, 3, 5], [2, 3, 3, 0, 0, 0, 0, 2], [0, 3, 2, 4, 3, 3, 3, 5], [3, 3, 4, 2, 2, 5, 0, 4], [4, 5, 2, 0, 0, 2, 4, 0], [0, 4, 0, 3, 2, 5, 0, 3], [0, 5, 4, 2, 4, 0, 5, 3], [3, 1, 1, 0, 0, 0, 4, 4], [0, 0, 3, 4, 4, 4, 4, 4], [3, 2, 4, 2, 2, 4, 5, 3], [3, 0, 5, 0, 2, 4, 5, 2], [5, 0, 3, 2, 5, 5, 5, 3], [5, 0, 3, 1, 0, 3, 0, 5], [2, 2, 3, 5, 5, 0, 0, 4], [0, 0, 4, 0, 5, 4, 0, 5], [0, 2, 3, 0, 0, 4, 3, 2]]",-4.195283916288477,-3.6775867657743837,"[1.0, -0.1875, 0.375, -0.046875, 0.09375, 0.046875, 0.515625, 0.1875, -0.1875, 1.0, -0.140625, 0.09375, 0.328125, 0.234375, 0.328125, 0.0, 0.375, -0.140625, 1.0, 0.09375, 0.1875, 0.046875, 0.09375, 0.046875, -0.046875, 0.09375, 0.09375, 1.0, 0.703125, 0.515625, 0.1875, 0.140625, 0.09375, 0.328125, 0.1875, 0.703125, 1.0, 0.515625, 0.515625, 0.1875, 0.046875, 0.234375, 0.046875, 0.515625, 0.515625, 1.0, 0.140625, 0.0, 0.515625, 0.328125, 0.09375, 0.1875, 0.515625, 0.140625, 1.0, 0.140625, 0.1875, 0.0, 0.046875, 0.140625, 0.1875, 0.0, 0.140625, 1.0]","[0.2243523048776968, 0.214806729477771, 1.4744888284100086, 0.061518471705081415, 0.19185475384946, 0.26591373833517823, 0.12763067746443868]","[1.0, 0.3176549296425107, 0.30059033565216553, 0.3093885084559376, 0.3277181290941169, 0.32473323068512233, 0.3240819802615002, 0.32663924340431827, 0.3176549296425107, 1.0000000000000002, 0.31850143628112043, 0.3292875950644665, 0.31184891530339764, 0.3050575868929591, 0.30353769988789875, 0.30571534413896995, 0.30059033565216553, 0.31850143628112043, 1.0, 0.32656556311332935, 0.2932406244361327, 0.28291686120259724, 0.28049374906196706, 0.2822630274959069, 0.3093885084559376, 0.3292875950644665, 0.32656556311332935, 1.0, 0.3031542248802209, 0.2985559931107739, 0.29544846314515544, 0.2971447521858762, 0.3277181290941169, 0.31184891530339764, 0.2932406244361327, 0.3031542248802209, 1.0000000000000002, 0.33047621130306937, 0.3296010087492453, 0.32823239624721, 0.32473323068512233, 0.3050575868929591, 0.28291686120259724, 0.2985559931107739, 0.33047621130306937, 1.0, 0.329243999063435, 0.3309260789770731, 0.3240819802615002, 0.30353769988789875, 0.28049374906196706, 0.29544846314515544, 0.3296010087492453, 0.329243999063435, 1.0000000000000002, 0.33129159472837777, 0.32663924340431827, 0.30571534413896995, 0.2822630274959069, 0.2971447521858762, 0.32823239624721, 0.3309260789770731, 0.33129159472837777, 1.0000000000000002]","[0.09577973010221531, 0.15835573858378887, 0.10003514827117425, 0.15402104892632146, 0.016499161731241004, 0.023687828891273667, 0.01192218573643494]"
