coupling_matrix,measurement_samples,ground_state_energy,approx_correlation,approx_entropy,exact_correlation,exact_entropy
"[0.3278584395866473, 0.4003189968682044, 0.003031111244941709, -0.6446704303691033, 0.41655117738529146, 0.32113038151158113, 0.8360199048340069]","[[2, 2, 3, 5, 0, 0, 5, 0], [1, 5, 2, 5, 3, 3, 5, 0], [5, 0, 2, 3, 2, 0, 1, 3], [1, 0, 5, 0, 3, 0, 5, 3], [2, 2, 3, 3, 1, 0, 1, 2], [5, 5, 5, 2, 5, 5, 3, 3], [5, 5, 5, 2, 1, 0, 1, 3], [1, 0, 5, 1, 2, 5, 3, 2], [1, 0, 2, 0, 2, 2, 5, 5], [5, 0, 0, 0, 5, 5, 5, 5], [0, 1, 1, 1, 0, 2, 0, 0], [5, 3, 0, 0, 2, 1, 5, 1], [3, 2, 2, 0, 5, 0, 1, 3], [1, 5, 5, 2, 1, 2, 5, 5], [3, 2, 1, 5, 5, 5, 5, 3], [0, 0, 1, 0, 5, 3, 2, 2], [5, 5, 3, 5, 5, 5, 0, 1], [0, 3, 5, 0, 5, 2, 0, 3], [5, 3, 3, 0, 3, 5, 5, 0], [5, 5, 3, 1, 0, 3, 0, 0], [3, 5, 1, 5, 2, 2, 5, 2], [5, 3, 5, 5, 2, 5, 5, 0], [5, 5, 5, 5, 2, 2, 1, 1], [3, 1, 0, 1, 3, 3, 1, 0], [5, 0, 5, 5, 5, 1, 3, 5], [1, 5, 3, 1, 5, 5, 0, 2], [5, 1, 3, 1, 5, 0, 5, 2], [0, 1, 0, 3, 1, 0, 5, 5], [5, 2, 5, 3, 0, 1, 0, 0], [2, 0, 2, 3, 2, 0, 5, 3], [0, 5, 5, 0, 2, 2, 5, 1], [5, 2, 5, 2, 5, 1, 0, 5], [0, 1, 1, 5, 0, 2, 0, 0], [0, 5, 5, 5, 2, 2, 5, 0], [5, 5, 5, 2, 0, 5, 3, 1], [2, 1, 5, 2, 5, 5, 0, 5], [2, 2, 0, 5, 5, 2, 1, 5], [0, 2, 3, 0, 0, 0, 2, 0], [2, 5, 3, 2, 5, 1, 3, 0], [5, 1, 2, 5, 2, 1, 1, 1], [5, 5, 3, 5, 0, 2, 5, 2], [5, 2, 1, 1, 5, 5, 2, 1], [5, 2, 2, 5, 3, 5, 5, 3], [5, 5, 3, 0, 3, 3, 5, 3], [0, 5, 5, 3, 0, 3, 2, 2], [5, 0, 5, 3, 3, 2, 0, 1], [5, 1, 2, 5, 5, 1, 5, 5], [3, 0, 5, 2, 1, 2, 1, 5], [0, 5, 1, 1, 5, 5, 5, 5], [3, 3, 1, 2, 0, 1, 5, 3], [0, 0, 2, 5, 2, 1, 2, 1], [5, 5, 5, 2, 3, 3, 0, 5], [1, 3, 5, 2, 0, 0, 2, 0], [5, 5, 2, 5, 2, 5, 5, 2], [5, 1, 5, 2, 5, 5, 3, 3], [2, 5, 5, 5, 5, 5, 5, 1], [1, 0, 5, 5, 1, 2, 0, 0], [1, 0, 0, 5, 1, 3, 3, 3], [3, 2, 2, 5, 5, 5, 0, 2], [3, 0, 5, 3, 5, 5, 0, 3], [3, 5, 1, 1, 2, 1, 0, 2], [0, 3, 1, 5, 5, 3, 1, 2], [3, 3, 0, 1, 1, 0, 3, 5], [2, 2, 1, 3, 5, 3, 5, 2]]",-1.75,"[1.0, 0.328125, 0.09375, 0.421875, 0.65625, 0.375, 0.46875, 0.28125, 0.328125, 1.0, 0.5625, 0.46875, 0.0, 0.375, 0.5625, 0.046875, 0.09375, 0.5625, 1.0, 0.328125, 0.375, 0.5625, 0.140625, 0.0, 0.421875, 0.46875, 0.328125, 1.0, 0.28125, 0.46875, 0.1875, -0.140625, 0.65625, 0.0, 0.375, 0.28125, 1.0, 0.796875, 0.609375, 0.796875, 0.375, 0.375, 0.5625, 0.46875, 0.796875, 1.0, 0.046875, 0.28125, 0.46875, 0.5625, 0.140625, 0.1875, 0.609375, 0.046875, 1.0, 0.65625, 0.28125, 0.046875, 0.0, -0.140625, 0.796875, 0.28125, 0.65625, 1.0]","[0.4576161455417299, 1.4426950008081086e-9, 0.15771634487270375, 0.2791518551964981, 1.4426950008081086e-9, 1.4426950008081086e-9, 1.4426950008081086e-9]","[1.0, 0.3333333333333333, 0.3333333333333333, 0.3333333333333333, 0.3333333333333333, 0.3333333333333333, 0.3333333333333333, 0.3333333333333333, 0.3333333333333333, 1.0, 0.3333333333333333, 0.3333333333333333, 0.3333333333333333, 0.3333333333333333, 0.3333333333333333, 0.3333333333333333, 0.3333333333333333, 0.3333333333333333, 1.0, 0.3333333333333333, 0.3333333333333333, 0.3333333333333333, 0.3333333333333333, 0.3333333333333333, 0.3333333333333333, 0.3333333333333333, 0.3333333333333333, 1.0, 0.3333333333333333, 0.3333333333333333, 0.3333333333333333, 0.3333333333333333, 0.3333333333333333, 0.3333333333333333, 0.3333333333333333, 0.3333333333333333, 1.0, 0.3333333333333333, 0.3333333333333333, 0.3333333333333333, 0.3333333333333333, 0.3333333333333333, 0.3333333333333333, 0.3333333333333333, 0.3333333333333333, 1.0, 0.3333333333333333, 0.3333333333333333, 0.3333333333333333, 0.3333333333333333, 0.3333333333333333, 0.3333333333333333, 0.3333333333333333, 0.3333333333333333, 1.0, 0.3333333333333333, 0.3333333333333333, 0.3333333333333333, 0.3333333333333333, 0.3333333333333333, 0.3333333333333333, 0.3333333333333333, 0.3333333333333333, 1.0]","[-0.0, -0.0, -0.0, -0.0, -0.0, -0.0, -0.0]"
"[0.21845908348442156, 0.5995189011678337, -0.7361672159509551, -0.17927025669303975, 0.3871625710527318, 0.9831334175863242, -0.3020280561826656]","[[4, 4, 4, 0, 5, 5, 3, 0], [4, 2, 1, 2, 5, 5, 5, 1], [4, 0, 0, 1, 0, 5, 3, 0], [1, 4, 4, 5, 5, 0, 5, 2], [4, 4, 4, 2, 5, 1, 2, 1], [1, 0, 4, 2, 1, 3, 5, 2], [0, 0, 4, 1, 1, 3, 5, 5], [3, 3, 1, 3, 0, 3, 2, 1], [3, 4, 4, 0, 2, 3, 5, 5], [4, 1, 2, 0, 1, 5, 3, 2], [2, 2, 3, 5, 0, 0, 1, 1], [3, 1, 1, 0, 5, 0, 0, 5], [2, 4, 4, 1, 2, 0, 5, 0], [3, 3, 0, 2, 5, 5, 1, 0], [4, 1, 0, 5, 0, 1, 2, 5], [2, 4, 2, 0, 2, 5, 5, 1], [0, 1, 1, 4, 3, 3, 3, 5], [0, 0, 0, 3, 2, 3, 5, 1], [0, 4, 0, 3, 3, 5, 1, 3], [0, 4, 1, 1, 1, 0, 2, 0], [3, 0, 4, 3, 3, 5, 5, 5], [1, 3, 1, 5, 3, 5, 3, 5], [0, 1, 4, 3, 1, 3, 5, 0], [2, 0, 4, 3, 1, 3, 1, 5], [2, 1, 3, 4, 5, 1, 2, 0], [4, 0, 4, 2, 1, 3, 5, 0], [3, 4, 4, 5, 2, 5, 2, 1], [4, 3, 4, 0, 1, 2, 0, 2], [0, 1, 5, 0, 5, 0, 3, 5], [4, 1, 4, 3, 3, 3, 3, 0], [1, 4, 1, 0, 2, 3, 3, 5], [0, 4, 3, 3, 1, 5, 1, 5], [1, 1, 3, 5, 5, 5, 0, 3], [1, 0, 4, 2, 5, 3, 5, 5], [0, 4, 4, 5, 0, 1, 0, 1], [1, 2, 0, 3, 5, 5, 5, 5], [0, 4, 1, 2, 5, 2, 1, 3], [0, 3, 0, 5, 1, 2, 0, 0], [3, 4, 1, 0, 1, 5, 3, 0], [4, 4, 4, 1, 0, 1, 1, 3], [4, 2, 3, 1, 2, 2, 2, 3], [4, 4, 2, 5, 5, 5, 1, 2], [1, 1, 0, 0, 5, 0, 5, 1], [4, 0, 3, 3, 1, 1, 5, 1], [0, 0, 0, 0, 1, 3, 2, 2], [2, 4, 4, 5, 5, 3, 5, 3], [4, 4, 0, 0, 2, 2, 5, 1], [4, 0, 2, 2, 5, 5, 5, 2], [1, 2, 5, 1, 3, 0, 1, 3], [2, 1, 1, 2, 3, 5, 1, 0], [0, 0, 0, 1, 3, 1, 0, 3], [4, 1, 1, 3, 5, 2, 3, 5], [0, 4, 2, 0, 5, 5, 5, 3], [4, 3, 4, 0, 1, 5, 2, 1], [4, 0, 2, 5, 2, 0, 0, 1], [0, 1, 2, 5, 0, 5, 5, 0], [4, 4, 4, 0, 5, 3, 2, 1], [2, 4, 2, 0, 2, 1, 0, 5], [1, 4, 3, 2, 2, 1, 5, 5], [2, 0, 3, 5, 3, 5, 0, 2], [4, 3, 4, 5, 0, 5, 0, 5], [2, 2, 3, 1, 5, 2, 0, 2], [1, 4, 0, 1, 5, 3, 3, 0], [1, 3, 3, 5, 2, 2, 0, 5]]",-1.2835472,"[1.0, 0.46875, 0.375, -0.140625, -0.46875, -0.421875, -0.28125, 0.0, 0.46875, 1.0, 0.65625, -0.515625, -0.65625, -0.46875, -0.328125, -0.5625, 0.375, 0.65625, 1.0, -0.234375, -0.140625, -0.515625, -0.5625, -0.140625, -0.140625, -0.515625, -0.234375, 1.0, 0.0, 0.46875, 0.375, -0.09375, -0.46875, -0.65625, -0.140625, 0.0, 1.0, 0.375, 0.5625, 0.09375, -0.421875, -0.46875, -0.515625, 0.46875, 0.375, 1.0, 0.28125, 0.234375, -0.28125, -0.328125, -0.5625, 0.375, 0.5625, 0.28125, 1.0, 0.140625, 0.0, -0.5625, -0.140625, -0.09375, 0.09375, 0.234375, 0.140625, 1.0]","[0.05835987564663553, 1.4426950008081086e-9, 0.11782816855493494, 0.1862199224319256, 0.24617526947950163, 1.4426950008081086e-9, 0.04462566287755346]","[1.0000000000000002, 0.33287533727034835, 0.3118741885560802, -0.31145916105987703, -0.3332903658391921, -0.33333333333295795, -0.33333333333298526, -0.33333333333299603, 0.33287533727034835, 1.0000000000000002, 0.31768618571256296, -0.34624982341079674, -0.33131244659773057, -0.332875337264627, -0.3328753372648521, -0.3328753372649433, 0.3118741885560802, 0.31768618571256296, 1.0000000000000002, -0.5678545753663932, -0.3014991490576243, -0.3118741885168776, -0.31187418851834087, -0.31187418851893506, -0.31145916105987703, -0.34624982341079674, -0.5678545753663932, 1.0, 0.3094772470881214, 0.31145916105280697, 0.31145916105308113, 0.3114591610531922, -0.3332903658391921, -0.33131244659773057, -0.3014991490576243, 0.3094772470881214, 1.0, 0.3332903658398603, 0.333290365839849, 0.3332903658398441, -0.33333333333295795, -0.332875337264627, -0.3118741885168776, 0.31145916105280697, 0.3332903658398603, 1.0, 0.3333333333333328, 0.3333333333333323, -0.33333333333298526, -0.3328753372648521, -0.31187418851834087, 0.31145916105308113, 0.333290365839849, 0.3333333333333328, 1.0, 0.3333333333333333, -0.33333333333299603, -0.3328753372649433, -0.31187418851893506, 0.3114591610531922, 0.3332903658398441, 0.3333333333333323, 0.3333333333333333, 1.0]","[0.001982245239587459, 0.09478743730464505, 0.002160689890893621, 0.0947874373046447, 0.00018596696850330363, 1.922055902288952e-15, 2.2423985526704442e-15]"
"[0.20487306931931926, 0.9301986051453264, -0.53048212514622, -0.6482850861779985, 0.634027999654404, 0.3879735147654033, -0.5382829677180385]","[[2, 5, 3, 5, 5, 5, 3, 0], [5, 1, 5, 2, 3, 3, 5, 0], [0, 0, 5, 5, 5, 5, 5, 5], [2, 2, 3, 5, 0, 0, 5, 2], [0, 3, 5, 1, 5, 2, 5, 2], [5, 5, 3, 5, 2, 5, 3, 2], [5, 1, 3, 2, 1, 2, 5, 1], [3, 5, 1, 5, 5, 1, 1, 3], [5, 2, 2, 3, 1, 0, 2, 2], [0, 2, 5, 1, 2, 5, 1, 2], [5, 2, 5, 5, 5, 5, 1, 2], [0, 2, 5, 2, 2, 5, 1, 5], [5, 5, 0, 5, 5, 3, 5, 1], [2, 5, 1, 5, 1, 1, 3, 3], [0, 5, 1, 0, 1, 2, 0, 5], [0, 3, 5, 3, 1, 1, 5, 2], [1, 2, 1, 0, 5, 0, 3, 5], [5, 2, 0, 3, 0, 5, 1, 5], [5, 5, 5, 1, 2, 1, 0, 1], [2, 3, 5, 1, 5, 5, 3, 0], [2, 5, 5, 2, 5, 2, 2, 1], [5, 1, 5, 2, 3, 0, 5, 1], [0, 3, 1, 1, 5, 5, 3, 5], [0, 1, 3, 0, 5, 2, 5, 0], [5, 5, 2, 5, 0, 2, 5, 1], [5, 5, 2, 2, 5, 0, 2, 0], [3, 2, 5, 5, 5, 5, 1, 0], [5, 5, 3, 5, 5, 1, 2, 2], [0, 5, 5, 0, 1, 3, 3, 0], [5, 1, 5, 1, 5, 3, 0, 1], [0, 5, 5, 5, 2, 5, 3, 5], [5, 1, 5, 3, 5, 2, 0, 1], [5, 0, 5, 0, 5, 5, 5, 5], [2, 0, 2, 0, 5, 3, 3, 5], [0, 3, 2, 1, 1, 5, 3, 2], [3, 5, 3, 5, 2, 3, 2, 5], [0, 1, 0, 5, 2, 1, 5, 0], [0, 5, 2, 1, 0, 3, 5, 5], [2, 2, 0, 3, 3, 5, 5, 3], [5, 5, 2, 0, 3, 3, 1, 5], [5, 2, 5, 2, 2, 5, 5, 3], [0, 0, 1, 5, 1, 1, 2, 3], [2, 5, 0, 3, 0, 1, 5, 5], [5, 5, 3, 5, 5, 0, 5, 5], [2, 5, 3, 5, 5, 3, 0, 5], [3, 5, 2, 5, 1, 1, 0, 5], [1, 5, 5, 5, 5, 5, 0, 5], [2, 3, 3, 3, 3, 0, 3, 0], [5, 2, 5, 5, 5, 5, 5, 1], [2, 0, 3, 5, 1, 3, 5, 1], [5, 0, 3, 3, 5, 1, 1, 5], [3, 5, 5, 2, 1, 1, 1, 5], [2, 0, 0, 0, 0, 3, 5, 1], [0, 1, 3, 5, 5, 3, 2, 5], [5, 5, 5, 3, 5, 5, 5, 5], [5, 3, 2, 1, 0, 5, 0, 1], [0, 2, 5, 3, 5, 3, 2, 2], [0, 3, 5, 2, 3, 5, 5, 5], [5, 1, 3, 0, 0, 5, 1, 1], [5, 5, 5, 1, 5, 1, 0, 0], [3, 0, 3, 3, 5, 5, 0, 3], [2, 2, 0, 3, 3, 3, 1, 0], [1, 5, 5, 2, 2, 2, 3, 1], [5, 5, 3, 0, 5, 2, 3, 1]]",-1.75,"[1.0, 0.46875, 0.328125, 0.046875, 0.234375, 0.09375, 0.140625, 0.515625, 0.46875, 1.0, 0.328125, 0.609375, 0.65625, 0.0, 0.46875, 0.5625, 0.328125, 0.328125, 1.0, 0.375, 0.84375, 0.5625, 0.421875, 0.375, 0.046875, 0.609375, 0.375, 1.0, 0.65625, 0.65625, 0.1875, 0.28125, 0.234375, 0.65625, 0.84375, 0.65625, 1.0, 0.84375, 0.234375, 0.46875, 0.09375, 0.0, 0.5625, 0.65625, 0.84375, 1.0, 0.234375, 0.421875, 0.140625, 0.46875, 0.421875, 0.1875, 0.234375, 0.234375, 1.0, 0.1875, 0.515625, 0.5625, 0.375, 0.28125, 0.46875, 0.421875, 0.1875, 1.0]","[1.4426950008081086e-9, 0.3384506983876157, 1.4426950008081086e-9, 1.4426950008081086e-9, 1.4426950008081086e-9, 1.4426950008081086e-9, 0.16651057127589752]","[1.0, 0.3333333333333333, 0.3333333333333333, 0.3333333333333333, 0.3333333333333333, 0.3333333333333333, 0.3333333333333333, 0.3333333333333333, 0.3333333333333333, 1.0, 0.3333333333333333, 0.3333333333333333, 0.3333333333333333, 0.3333333333333333, 0.3333333333333333, 0.3333333333333333, 0.3333333333333333, 0.3333333333333333, 1.0, 0.3333333333333333, 0.3333333333333333, 0.3333333333333333, 0.3333333333333333, 0.3333333333333333, 0.3333333333333333, 0.3333333333333333, 0.3333333333333333, 1.0, 0.3333333333333333, 0.3333333333333333, 0.3333333333333333, 0.3333333333333333, 0.3333333333333333, 0.3333333333333333, 0.3333333333333333, 0.3333333333333333, 1.0, 0.3333333333333333, 0.3333333333333333, 0.3333333333333333, 0.3333333333333333, 0.3333333333333333, 0.3333333333333333, 0.3333333333333333, 0.3333333333333333, 1.0, 0.3333333333333333, 0.3333333333333333, 0.3333333333333333, 0.3333333333333333, 0.3333333333333333, 0.3333333333333333, 0.3333333333333333, 0.3333333333333333, 1.0, 0.3333333333333333, 0.3333333333333333, 0.3333333333333333, 0.3333333333333333, 0.3333333333333333, 0.3333333333333333, 0.3333333333333333, 0.3333333333333333, 1.0]","[-0.0, -0.0, -0.0, -0.0, -0.0, -0.0, -0.0]"
"[0.044591914758749684, -0.3514583812190508, 0.3432574759966365, 0.6971654128358498, 0.40233813325521095, -0.4555503653366926, 0.15339472536038845]","[[4, 4, 5, 2, 2, 0, 5, 2], [4, 4, 3, 3, 0, 5, 1, 1], [4, 1, 1, 3, 2, 2, 1, 5], [2, 2, 5, 1, 5, 1, 2, 1], [3, 2, 1, 1, 2, 5, 0, 3], [3, 3, 0, 1, 1, 1, 1, 5], [0, 2, 5, 0, 5, 5, 2, 0], [2, 2, 3, 0, 0, 5, 0, 1], [2, 4, 1, 3, 2, 0, 0, 0], [1, 4, 1, 3, 5, 2, 0, 1], [1, 4, 1, 3, 3, 1, 1, 0], [4, 0, 3, 5, 5, 3, 5, 2], [4, 4, 1, 1, 0, 3, 3, 5], [2, 4, 3, 3, 5, 2, 1, 2], [0, 4, 0, 2, 1, 5, 5, 5], [0, 3, 5, 0, 5, 2, 3, 5], [4, 1, 5, 0, 1, 1, 3, 1], [2, 1, 0, 2, 5, 5, 3, 0], [1, 1, 5, 0, 3, 0, 0, 0], [1, 0, 5, 5, 3, 5, 1, 5], [4, 1, 5, 5, 1, 5, 5, 2], [3, 4, 0, 1, 0, 3, 2, 5], [4, 1, 3, 0, 2, 2, 5, 1], [4, 2, 3, 0, 3, 5, 1, 5], [4, 0, 1, 0, 5, 5, 5, 0], [1, 3, 5, 5, 3, 5, 5, 5], [0, 4, 3, 3, 2, 0, 0, 1], [4, 4, 5, 5, 3, 2, 5, 5], [0, 3, 1, 5, 5, 1, 2, 3], [1, 1, 5, 3, 3, 3, 5, 5], [3, 1, 5, 3, 5, 1, 3, 0], [2, 0, 0, 5, 5, 0, 2, 2], [1, 4, 2, 3, 2, 2, 3, 5], [2, 4, 5, 1, 1, 0, 2, 3], [2, 4, 3, 5, 0, 5, 2, 3], [2, 2, 3, 0, 5, 5, 5, 1], [4, 0, 2, 5, 5, 2, 2, 0], [3, 0, 1, 5, 5, 1, 5, 1], [1, 2, 5, 5, 1, 0, 2, 2], [3, 0, 3, 1, 1, 5, 0, 5], [0, 2, 3, 3, 2, 3, 3, 2], [2, 2, 1, 5, 3, 0, 5, 0], [3, 4, 1, 3, 3, 5, 5, 5], [3, 4, 2, 5, 0, 5, 5, 5], [2, 4, 5, 1, 1, 1, 5, 5], [2, 0, 3, 3, 1, 1, 5, 3], [2, 2, 2, 2, 3, 3, 2, 5], [4, 2, 0, 0, 1, 2, 2, 5], [2, 0, 5, 2, 1, 5, 5, 3], [4, 2, 0, 3, 0, 5, 1, 3], [2, 1, 5, 1, 0, 2, 5, 5], [1, 2, 5, 3, 5, 2, 5, 3], [1, 4, 5, 3, 2, 1, 5, 5], [1, 3, 5, 0, 0, 5, 3, 3], [0, 4, 0, 3, 2, 5, 3, 5], [4, 4, 3, 1, 2, 2, 3, 2], [3, 3, 0, 5, 0, 3, 0, 5], [4, 1, 0, 1, 2, 3, 5, 1], [3, 4, 0, 3, 5, 1, 1, 3], [2, 1, 0, 2, 3, 5, 1, 2], [0, 2, 5, 0, 5, 2, 0, 0], [4, 3, 2, 3, 3, 0, 0, 1], [2, 4, 2, 5, 1, 1, 0, 2], [3, 4, 2, 2, 3, 2, 5, 5]]",-1.2577189,"[1.0, 0.5625, -0.234375, 0.0, -0.234375, -0.140625, -0.046875, -0.140625, 0.5625, 1.0, -0.5625, -0.28125, -0.1875, -0.234375, -0.09375, -0.421875, -0.234375, -0.5625, 1.0, 0.421875, 0.0, 0.328125, 0.375, 0.234375, 0.0, -0.28125, 0.421875, 1.0, 0.046875, 0.1875, 0.5625, 0.46875, -0.234375, -0.1875, 0.0, 0.046875, 1.0, 0.421875, -0.046875, 0.046875, -0.140625, -0.234375, 0.328125, 0.1875, 0.421875, 1.0, 0.609375, 0.421875, -0.046875, -0.09375, 0.375, 0.5625, -0.046875, 0.609375, 1.0, 0.328125, -0.140625, -0.421875, 0.234375, 0.46875, 0.046875, 0.421875, 0.328125, 1.0]","[0.1340205154566197, 0.03265060824155104, 0.09567968609955053, 1.4426950008081086e-9, 1.4426950008081086e-9, 0.09947991183321953, 0.542783374678035]","[1.0, 0.3281908643643217, -0.3282278877787326, -0.3332963099177973, -0.3333333333333329, -0.3333333333333334, -0.3333333333333334, -0.3333333333333334, 0.3281908643643217, 1.0, -0.449526697916583, -0.33812574315418154, -0.32819086436432426, -0.32819086436432193, -0.32819086436432154, -0.3281908643643216, -0.3282278877787326, -0.449526697916583, 1.0, 0.3290603953454277, 0.32822788777877804, 0.3282278877787344, 0.3282278877787288, 0.3282278877787293, -0.3332963099177973, -0.33812574315418154, 0.3290603953454277, 1.0000000000000002, 0.33329630991780085, 0.3332963099177974, 0.3332963099177969, 0.33329630991779696, -0.3333333333333329, -0.32819086436432426, 0.32822788777877804, 0.33329630991780085, 1.0000000000000002, 0.333333333333333, 0.33333333333333287, 0.33333333333333287, -0.3333333333333334, -0.32819086436432193, 0.3282278877787344, 0.3332963099177974, 0.333333333333333, 1.0000000000000002, 0.3333333333333334, 0.3333333333333334, -0.3333333333333334, -0.32819086436432154, 0.3282278877787288, 0.3332963099177969, 0.33333333333333287, 0.3333333333333334, 1.0000000000000002, 0.3333333333333334, -0.3333333333333334, -0.3281908643643216, 0.3282278877787293, 0.33329630991779696, 0.33333333333333287, 0.3333333333333334, 0.3333333333333334, 1.0000000000000002]","[0.022256150279240692, 0.00016024049360345268, 0.02225615027923939, 0.00016024049360921947, -1.2813706015259665e-15, -1.2813706015259665e-15, -1.2813706015259665e-15]"
"[-0.2700838960530032, 0.9539780698555416, 0.6425461533689669, 0.3918883190514957, 0.4804365336356131, 0.735491804123769, -0.17033284572692708]","[[1, 3, 3, 3, 3, 1, 3, 5], [2, 5, 2, 1, 3, 5, 5, 5], [5, 5, 3, 0, 5, 2, 0, 5], [2, 3, 5, 5, 0, 3, 0, 2], [3, 1, 2, 3, 3, 5, 5, 5], [5, 3, 3, 5, 2, 0, 0, 3], [1, 5, 5, 5, 1, 2, 2, 5], [5, 2, 3, 2, 2, 2, 5, 2], [2, 3, 5, 5, 1, 3, 0, 3], [1, 5, 5, 0, 2, 5, 5, 5], [0, 3, 0, 5, 5, 5, 2, 5], [5, 5, 5, 5, 5, 0, 0, 5], [5, 0, 0, 2, 0, 3, 1, 3], [5, 0, 5, 5, 5, 1, 3, 1], [2, 5, 5, 5, 1, 1, 1, 3], [3, 1, 5, 3, 5, 3, 2, 5], [1, 1, 5, 5, 1, 5, 5, 5], [0, 1, 5, 2, 1, 5, 0, 2], [2, 1, 1, 5, 3, 1, 0, 1], [1, 5, 5, 5, 0, 3, 5, 3], [3, 5, 5, 0, 5, 0, 1, 0], [2, 2, 3, 3, 2, 1, 5, 3], [5, 0, 0, 5, 1, 0, 1, 2], [0, 5, 1, 5, 5, 1, 0, 2], [5, 2, 3, 2, 1, 2, 1, 0], [1, 5, 5, 1, 1, 3, 0, 5], [1, 5, 5, 5, 3, 1, 1, 3], [2, 1, 0, 3, 5, 0, 5, 2], [0, 1, 5, 5, 5, 1, 0, 0], [5, 5, 5, 5, 3, 5, 2, 1], [5, 5, 1, 0, 0, 5, 2, 0], [3, 5, 5, 5, 5, 0, 2, 5], [0, 1, 2, 1, 0, 5, 2, 2], [1, 0, 1, 3, 5, 3, 1, 3], [5, 0, 3, 0, 1, 2, 2, 1], [3, 0, 2, 3, 5, 3, 3, 0], [1, 5, 0, 1, 2, 2, 3, 5], [1, 2, 5, 5, 3, 3, 5, 1], [1, 3, 5, 5, 2, 0, 0, 0], [0, 3, 3, 0, 0, 0, 5, 5], [3, 2, 3, 5, 5, 5, 5, 5], [0, 5, 0, 5, 5, 2, 5, 0], [5, 0, 3, 5, 3, 0, 5, 5], [5, 2, 0, 1, 5, 0, 1, 0], [2, 3, 5, 5, 5, 5, 5, 5], [5, 5, 5, 1, 5, 0, 5, 5], [5, 2, 0, 2, 3, 5, 1, 2], [5, 1, 0, 1, 2, 1, 3, 1], [2, 0, 3, 5, 3, 5, 1, 5], [5, 2, 0, 1, 2, 5, 3, 5], [1, 2, 5, 1, 0, 1, 3, 2], [0, 0, 2, 1, 5, 5, 3, 2], [5, 5, 5, 5, 5, 5, 5, 0], [1, 5, 5, 1, 2, 2, 5, 5], [3, 5, 5, 2, 1, 2, 5, 2], [5, 0, 5, 0, 1, 5, 2, 1], [5, 0, 5, 5, 1, 1, 5, 1], [5, 2, 5, 3, 0, 1, 1, 2], [5, 1, 2, 5, 0, 5, 5, 2], [0, 3, 1, 5, 5, 3, 5, 5], [0, 0, 5, 5, 5, 0, 0, 2], [0, 5, 3, 2, 5, 2, 3, 0], [2, 5, 5, 3, 2, 2, 5, 1], [0, 5, 0, 2, 2, 2, 3, 3]]",-1.75,"[1.0, 0.09375, 0.328125, 0.46875, 0.375, 0.421875, 0.421875, 0.28125, 0.09375, 1.0, 0.65625, 0.703125, 0.28125, 0.5625, 0.046875, 0.5625, 0.328125, 0.65625, 1.0, 0.46875, 0.328125, 0.234375, 0.28125, 0.703125, 0.46875, 0.703125, 0.46875, 1.0, 0.5625, 0.75, 0.46875, 0.5625, 0.375, 0.28125, 0.328125, 0.5625, 1.0, 0.515625, 0.09375, 0.46875, 0.421875, 0.5625, 0.234375, 0.75, 0.515625, 1.0, 0.375, 0.890625, 0.421875, 0.046875, 0.28125, 0.46875, 0.09375, 0.375, 1.0, 0.421875, 0.28125, 0.5625, 0.703125, 0.5625, 0.46875, 0.890625, 0.421875, 1.0]","[1.4426950008081086e-9, 0.3077885858615604, 1.4426950008081086e-9, 0.055543977149760275, 1.4426950008081086e-9, 1.4426950008081086e-9, 0.43996119518308985]","[1.0, 0.3333333333333333, 0.3333333333333333, 0.3333333333333333, 0.3333333333333333, 0.3333333333333333, 0.3333333333333333, 0.3333333333333333, 0.3333333333333333, 1.0, 0.3333333333333333, 0.3333333333333333, 0.3333333333333333, 0.3333333333333333, 0.3333333333333333, 0.3333333333333333, 0.3333333333333333, 0.3333333333333333, 1.0, 0.3333333333333333, 0.3333333333333333, 0.3333333333333333, 0.3333333333333333, 0.3333333333333333, 0.3333333333333333, 0.3333333333333333, 0.3333333333333333, 1.0, 0.3333333333333333, 0.3333333333333333, 0.3333333333333333, 0.3333333333333333, 0.3333333333333333, 0.3333333333333333, 0.3333333333333333, 0.3333333333333333, 1.0, 0.3333333333333333, 0.3333333333333333, 0.3333333333333333, 0.3333333333333333, 0.3333333333333333, 0.3333333333333333, 0.3333333333333333, 0.3333333333333333, 1.0, 0.3333333333333333, 0.3333333333333333, 0.3333333333333333, 0.3333333333333333, 0.3333333333333333, 0.3333333333333333, 0.3333333333333333, 0.3333333333333333, 1.0, 0.3333333333333333, 0.3333333333333333, 0.3333333333333333, 0.3333333333333333, 0.3333333333333333, 0.3333333333333333, 0.3333333333333333, 0.3333333333333333, 1.0]","[-0.0, -0.0, -0.0, -0.0, -0.0, -0.0, -0.0]"
"[-0.3385915678716398, -0.9129022257562909, -0.04223390396313498, 0.8735706352507906, -0.5778562712110193, 0.3632213303316991, -0.5005232382852609]","[[2, 5, 0, 0, 1, 1, 0, 3], [5, 5, 5, 0, 2, 5, 5, 0], [5, 5, 5, 5, 3, 0, 5, 5], [5, 3, 5, 0, 0, 5, 2, 0], [5, 5, 5, 3, 0, 0, 0, 5], [2, 5, 2, 2, 5, 5, 0, 1], [0, 0, 1, 0, 3, 1, 1, 2], [0, 5, 5, 3, 3, 0, 5, 0], [5, 1, 5, 5, 0, 1, 5, 2], [5, 5, 5, 3, 0, 3, 3, 1], [5, 5, 5, 0, 2, 2, 5, 5], [5, 5, 0, 5, 0, 2, 5, 5], [2, 3, 0, 1, 0, 2, 2, 5], [3, 5, 1, 3, 1, 1, 3, 5], [5, 5, 5, 0, 3, 0, 1, 2], [2, 2, 5, 1, 5, 2, 2, 5], [5, 0, 5, 0, 0, 0, 1, 5], [3, 1, 1, 5, 5, 3, 1, 5], [1, 3, 2, 2, 5, 0, 3, 0], [3, 5, 5, 1, 5, 5, 0, 2], [5, 5, 2, 1, 3, 2, 3, 1], [2, 3, 3, 1, 0, 5, 2, 2], [0, 3, 1, 1, 2, 0, 1, 0], [2, 1, 1, 5, 3, 3, 5, 0], [0, 5, 5, 3, 5, 5, 2, 5], [1, 0, 3, 3, 5, 5, 3, 1], [1, 5, 3, 5, 2, 5, 2, 5], [2, 2, 0, 5, 3, 1, 0, 3], [0, 5, 2, 2, 5, 5, 2, 1], [5, 5, 5, 5, 0, 2, 1, 0], [0, 1, 3, 5, 5, 2, 5, 0], [5, 2, 2, 3, 5, 5, 2, 2], [2, 1, 3, 1, 2, 3, 0, 3], [5, 2, 3, 5, 1, 1, 0, 0], [3, 3, 0, 1, 1, 5, 1, 3], [2, 0, 0, 5, 5, 5, 5, 1], [5, 2, 2, 5, 0, 5, 5, 5], [3, 5, 3, 1, 1, 3, 5, 0], [5, 5, 1, 0, 3, 1, 5, 5], [5, 0, 3, 5, 5, 2, 5, 5], [1, 1, 5, 5, 1, 2, 1, 3], [5, 5, 5, 2, 5, 5, 2, 3], [3, 2, 5, 1, 1, 3, 2, 5], [2, 2, 1, 5, 3, 3, 5, 5], [1, 5, 3, 2, 0, 0, 3, 5], [0, 1, 2, 5, 3, 1, 2, 5], [2, 5, 2, 1, 0, 5, 1, 5], [5, 1, 0, 5, 2, 0, 5, 3], [1, 1, 0, 5, 3, 1, 5, 5], [5, 5, 3, 3, 3, 1, 1, 5], [5, 0, 0, 0, 5, 0, 3, 2], [3, 0, 1, 5, 2, 0, 5, 1], [5, 1, 0, 5, 1, 5, 0, 5], [5, 2, 5, 1, 5, 5, 3, 0], [1, 5, 3, 5, 5, 5, 0, 3], [5, 2, 5, 1, 1, 5, 1, 2], [5, 5, 1, 1, 1, 1, 5, 3], [3, 0, 5, 3, 2, 5, 1, 5], [5, 0, 1, 0, 0, 2, 5, 5], [5, 5, 5, 2, 5, 0, 2, 1], [0, 2, 5, 0, 2, 2, 0, 5], [2, 3, 5, 3, 5, 0, 0, 3], [1, 1, 3, 1, 0, 5, 0, 2], [3, 0, 2, 0, 5, 5, 1, 2]]",-1.75,"[1.0, 0.703125, 0.515625, 0.609375, 0.046875, 0.421875, 0.5625, 0.421875, 0.703125, 1.0, 0.515625, 0.515625, 0.328125, 0.5625, 0.140625, 0.375, 0.515625, 0.515625, 1.0, 0.28125, 0.1875, 0.46875, 0.515625, 0.421875, 0.609375, 0.515625, 0.28125, 1.0, 0.421875, 0.28125, 0.609375, 0.421875, 0.046875, 0.328125, 0.1875, 0.421875, 1.0, 0.890625, 0.140625, 0.0, 0.421875, 0.5625, 0.46875, 0.28125, 0.890625, 1.0, 0.09375, 0.28125, 0.5625, 0.140625, 0.515625, 0.609375, 0.140625, 0.09375, 1.0, 0.328125, 0.421875, 0.375, 0.421875, 0.421875, 0.0, 0.28125, 0.328125, 1.0]","[0.3927152795742833, 0.6019687578902808, 1.4426950008081086e-9, 0.581050315000952, 1.4426950008081086e-9, 0.2906220481624647, 0.29776392445591193]","[1.0, 0.3333333333333333, 0.3333333333333333, 0.3333333333333333, 0.3333333333333333, 0.3333333333333333, 0.3333333333333333, 0.3333333333333333, 0.3333333333333333, 1.0, 0.3333333333333333, 0.3333333333333333, 0.3333333333333333, 0.3333333333333333, 0.3333333333333333, 0.3333333333333333, 0.3333333333333333, 0.3333333333333333, 1.0, 0.3333333333333333, 0.3333333333333333, 0.3333333333333333, 0.3333333333333333, 0.3333333333333333, 0.3333333333333333, 0.3333333333333333, 0.3333333333333333, 1.0, 0.3333333333333333, 0.3333333333333333, 0.3333333333333333, 0.3333333333333333, 0.3333333333333333, 0.3333333333333333, 0.3333333333333333, 0.3333333333333333, 1.0, 0.3333333333333333, 0.3333333333333333, 0.3333333333333333, 0.3333333333333333, 0.3333333333333333, 0.3333333333333333, 0.3333333333333333, 0.3333333333333333, 1.0, 0.3333333333333333, 0.3333333333333333, 0.3333333333333333, 0.3333333333333333, 0.3333333333333333, 0.3333333333333333, 0.3333333333333333, 0.3333333333333333, 1.0, 0.3333333333333333, 0.3333333333333333, 0.3333333333333333, 0.3333333333333333, 0.3333333333333333, 0.3333333333333333, 0.3333333333333333, 0.3333333333333333, 1.0]","[-0.0, -0.0, -0.0, -0.0, -0.0, -0.0, -0.0]"
"[0.4410590265664931, 0.41145520888928266, -0.7322252836256744, -0.4463419855024473, 0.17943005321444572, 0.1224780192953725, -0.571619118795204]","[[3, 0, 2, 4, 5, 0, 0, 2], [1, 4, 4, 4, 5, 0, 3, 5], [4, 4, 3, 4, 5, 5, 1, 3], [1, 3, 3, 4, 0, 1, 0, 1], [4, 4, 0, 4, 5, 5, 1, 5], [2, 3, 1, 3, 5, 0, 2, 0], [0, 2, 2, 1, 1, 5, 5, 2], [1, 0, 2, 4, 2, 5, 0, 2], [4, 2, 2, 3, 1, 2, 0, 3], [1, 4, 0, 3, 5, 5, 5, 5], [4, 4, 4, 4, 5, 1, 0, 3], [0, 4, 4, 2, 2, 5, 1, 0], [1, 4, 4, 4, 5, 0, 0, 5], [4, 3, 0, 2, 2, 0, 0, 5], [0, 0, 4, 3, 5, 2, 5, 5], [1, 2, 4, 0, 2, 3, 0, 0], [3, 4, 4, 0, 1, 5, 5, 2], [1, 4, 0, 0, 5, 3, 1, 5], [4, 4, 2, 1, 3, 0, 2, 2], [2, 3, 4, 3, 0, 3, 3, 0], [0, 0, 4, 2, 5, 1, 0, 0], [2, 2, 4, 4, 3, 3, 5, 1], [1, 4, 2, 4, 5, 5, 5, 2], [4, 3, 0, 4, 2, 1, 3, 0], [4, 0, 3, 1, 3, 1, 5, 0], [2, 0, 4, 0, 3, 3, 3, 1], [3, 3, 0, 2, 1, 5, 0, 3], [4, 3, 3, 2, 5, 2, 1, 3], [3, 4, 1, 3, 5, 3, 5, 1], [2, 2, 1, 4, 1, 1, 3, 5], [1, 2, 4, 3, 3, 3, 1, 2], [4, 4, 4, 1, 5, 1, 0, 0], [4, 0, 4, 3, 5, 5, 5, 1], [1, 0, 1, 4, 0, 0, 3, 1], [0, 4, 0, 3, 3, 5, 0, 2], [4, 0, 2, 3, 3, 2, 5, 3], [2, 4, 1, 3, 5, 3, 0, 5], [4, 2, 3, 2, 2, 5, 5, 3], [1, 4, 0, 2, 1, 0, 1, 0], [0, 4, 4, 0, 3, 0, 5, 1], [1, 3, 1, 0, 2, 5, 5, 0], [4, 1, 1, 3, 3, 5, 0, 5], [2, 0, 3, 4, 3, 2, 5, 5], [1, 2, 4, 4, 5, 3, 2, 5], [2, 1, 3, 4, 5, 2, 0, 5], [4, 0, 4, 4, 5, 1, 5, 5], [0, 1, 4, 4, 0, 3, 2, 3], [0, 1, 3, 3, 5, 3, 5, 5], [0, 4, 2, 3, 5, 1, 1, 1], [2, 4, 4, 3, 1, 5, 5, 0], [1, 1, 3, 4, 5, 0, 0, 0], [3, 0, 2, 2, 1, 2, 5, 0], [1, 0, 0, 0, 1, 5, 2, 3], [1, 2, 1, 2, 1, 5, 5, 1], [4, 2, 3, 2, 0, 1, 5, 0], [4, 2, 2, 1, 5, 0, 5, 5], [0, 2, 0, 3, 0, 1, 5, 3], [4, 0, 4, 2, 1, 5, 1, 5], [3, 2, 2, 4, 5, 2, 0, 3], [2, 3, 0, 4, 5, 2, 2, 1], [4, 2, 1, 4, 0, 0, 5, 5], [4, 2, 0, 4, 5, 5, 2, 1], [1, 4, 3, 0, 5, 3, 5, 2], [4, 3, 1, 0, 1, 2, 1, 3]]",-1.2627375,"[1.0, 0.09375, 0.046875, -0.140625, -0.46875, -0.703125, -0.515625, -0.375, 0.09375, 1.0, 0.609375, 0.28125, -0.890625, -0.65625, -0.328125, -0.28125, 0.046875, 0.609375, 1.0, 0.140625, -0.46875, -0.1875, -0.328125, -0.046875, -0.140625, 0.28125, 0.140625, 1.0, -0.421875, 0.0, -0.328125, -0.609375, -0.46875, -0.890625, -0.46875, -0.421875, 1.0, 0.234375, 0.46875, 0.375, -0.703125, -0.65625, -0.1875, 0.0, 0.234375, 1.0, 0.46875, -0.1875, -0.515625, -0.328125, -0.328125, -0.328125, 0.46875, 0.46875, 1.0, 0.375, -0.375, -0.28125, -0.046875, -0.609375, 0.375, -0.1875, 0.375, 1.0]","[0.16381964219669082, 1.4426950008081086e-9, 0.07875217353627789, 1.4426950008081086e-9, 1.4426950008081086e-9, 0.016498745428561605, 0.6204236380263545]","[1.0, 0.3333333333333333, 0.3330456664563965, 0.3247441545175663, -0.32447504341699, -0.33331477755697275, -0.3333333333333333, -0.3333333333333333, 0.3333333333333333, 1.0, 0.3330456664563965, 0.3247441545175663, -0.32447504341699, -0.33331477755697275, -0.3333333333333333, -0.3333333333333333, 0.3330456664563965, 0.3330456664563965, 1.0000000000000002, 0.3213127177728536, -0.29727850947463225, -0.33177046369597746, -0.33304566645639655, -0.33304566645639655, 0.3247441545175663, 0.3247441545175663, 0.3213127177728536, 1.0, -0.48320240086012545, -0.3316347177739487, -0.3247441545175663, -0.3247441545175663, -0.32447504341699, -0.32447504341699, -0.29727850947463225, -0.48320240086012545, 1.0, 0.3252673450797014, 0.32447504341699, 0.32447504341699, -0.33331477755697275, -0.33331477755697275, -0.33177046369597746, -0.3316347177739487, 0.3252673450797014, 1.0, 0.33331477755697275, 0.33331477755697275, -0.3333333333333333, -0.3333333333333333, -0.33304566645639655, -0.3247441545175663, 0.32447504341699, 0.33331477755697275, 1.0, 0.3333333333333333, -0.3333333333333333, -0.3333333333333333, -0.33304566645639655, -0.3247441545175663, 0.32447504341699, 0.33331477755697275, 0.3333333333333333, 1.0]","[-6.406853007629834e-16, 0.001245046575709172, 0.03841511099263466, 0.0013202193248204558, 0.03841511099263828, 8.031097956429794e-5, -0.0]"
"[0.891193079255755, -0.7035503972023116, -0.17010701510160486, -0.31798565037908544, -0.2863817336333896, 0.595435456517011, 0.8717984132704886]","[[3, 5, 5, 1, 5, 2, 5, 5], [2, 3, 1, 5, 1, 1, 5, 5], [5, 1, 5, 1, 1, 0, 2, 5], [5, 0, 0, 1, 1, 0, 2, 3], [0, 3, 0, 1, 5, 3, 0, 1], [0, 0, 0, 1, 1, 5, 3, 2], [5, 3, 3, 3, 5, 5, 5, 0], [5, 3, 2, 3, 3, 5, 1, 3], [5, 2, 3, 1, 1, 5, 2, 0], [2, 0, 5, 3, 2, 1, 1, 5], [1, 3, 5, 1, 1, 5, 5, 5], [1, 3, 0, 5, 3, 3, 0, 2], [2, 2, 3, 2, 1, 0, 5, 5], [5, 3, 3, 3, 5, 3, 2, 3], [5, 0, 2, 5, 5, 3, 0, 2], [3, 1, 5, 1, 3, 1, 2, 5], [5, 2, 5, 1, 2, 1, 5, 2], [2, 5, 3, 5, 5, 3, 5, 3], [5, 0, 3, 3, 5, 2, 0, 5], [5, 2, 3, 3, 1, 0, 0, 5], [1, 5, 2, 2, 3, 5, 3, 2], [0, 3, 2, 2, 5, 0, 0, 1], [3, 1, 1, 5, 1, 5, 2, 3], [5, 2, 5, 3, 5, 3, 3, 1], [0, 3, 3, 5, 0, 1, 5, 1], [3, 2, 2, 2, 5, 1, 0, 5], [1, 5, 1, 2, 3, 0, 2, 3], [5, 0, 0, 5, 1, 3, 5, 3], [0, 2, 5, 0, 2, 2, 5, 1], [1, 5, 5, 2, 5, 3, 5, 5], [0, 1, 5, 5, 3, 1, 3, 2], [5, 5, 5, 3, 0, 3, 5, 1], [5, 0, 5, 0, 5, 5, 3, 2], [3, 5, 2, 5, 5, 1, 5, 5], [2, 1, 5, 3, 1, 2, 5, 3], [0, 2, 5, 3, 2, 2, 3, 0], [0, 0, 5, 0, 5, 5, 0, 1], [5, 1, 2, 0, 5, 0, 1, 5], [2, 1, 2, 3, 3, 0, 5, 5], [0, 2, 5, 2, 1, 5, 5, 5], [2, 5, 0, 3, 1, 5, 2, 5], [5, 1, 5, 5, 5, 3, 3, 5], [3, 5, 2, 3, 3, 5, 1, 5], [2, 5, 5, 3, 5, 1, 2, 5], [2, 2, 0, 0, 2, 5, 0, 0], [2, 5, 2, 1, 5, 5, 3, 3], [0, 2, 5, 3, 3, 2, 2, 5], [2, 5, 2, 5, 0, 5, 2, 5], [5, 2, 0, 5, 1, 3, 1, 5], [2, 5, 3, 1, 0, 5, 2, 3], [5, 0, 3, 1, 2, 1, 3, 5], [5, 3, 0, 3, 3, 0, 0, 0], [2, 5, 2, 5, 5, 1, 5, 0], [0, 3, 0, 0, 0, 1, 2, 3], [0, 5, 2, 5, 2, 1, 3, 0], [3, 0, 2, 3, 1, 5, 5, 5], [5, 1, 3, 1, 1, 5, 2, 5], [3, 1, 2, 5, 5, 0, 2, 5], [3, 5, 5, 5, 1, 1, 5, 5], [5, 3, 5, 5, 0, 2, 5, 5], [3, 0, 5, 1, 1, 5, 5, 2], [5, 1, 2, 2, 1, 5, 5, 0], [0, 1, 2, 0, 5, 5, 5, 3], [1, 2, 1, 0, 3, 1, 2, 3]]",-1.75,"[1.0, 0.046875, 0.328125, 0.1875, 0.5625, 0.09375, 0.375, 0.09375, 0.046875, 1.0, 0.375, 0.328125, 0.5625, 0.28125, 0.421875, 0.375, 0.328125, 0.375, 1.0, 0.234375, 0.046875, 0.328125, 0.46875, 0.703125, 0.1875, 0.328125, 0.234375, 1.0, 0.65625, 0.0, 0.28125, 0.46875, 0.5625, 0.5625, 0.046875, 0.65625, 1.0, 0.140625, 0.09375, 0.28125, 0.09375, 0.28125, 0.328125, 0.0, 0.140625, 1.0, 0.46875, 0.28125, 0.375, 0.421875, 0.46875, 0.28125, 0.09375, 0.46875, 1.0, 0.0, 0.09375, 0.375, 0.703125, 0.46875, 0.28125, 0.28125, 0.0, 1.0]","[1.221069190666643, 1.4426950008081086e-9, 1.4426950008081086e-9, 0.059028911057583185, 1.4426950008081086e-9, 0.33478042168379285, 1.4426950008081086e-9]","[1.0, 0.3333333333333333, 0.3333333333333333, 0.3333333333333333, 0.3333333333333333, 0.3333333333333333, 0.3333333333333333, 0.3333333333333333, 0.3333333333333333, 1.0, 0.3333333333333333, 0.3333333333333333, 0.3333333333333333, 0.3333333333333333, 0.3333333333333333, 0.3333333333333333, 0.3333333333333333, 0.3333333333333333, 1.0, 0.3333333333333333, 0.3333333333333333, 0.3333333333333333, 0.3333333333333333, 0.3333333333333333, 0.3333333333333333, 0.3333333333333333, 0.3333333333333333, 1.0, 0.3333333333333333, 0.3333333333333333, 0.3333333333333333, 0.3333333333333333, 0.3333333333333333, 0.3333333333333333, 0.3333333333333333, 0.3333333333333333, 1.0, 0.3333333333333333, 0.3333333333333333, 0.3333333333333333, 0.3333333333333333, 0.3333333333333333, 0.3333333333333333, 0.3333333333333333, 0.3333333333333333, 1.0, 0.3333333333333333, 0.3333333333333333, 0.3333333333333333, 0.3333333333333333, 0.3333333333333333, 0.3333333333333333, 0.3333333333333333, 0.3333333333333333, 1.0, 0.3333333333333333, 0.3333333333333333, 0.3333333333333333, 0.3333333333333333, 0.3333333333333333, 0.3333333333333333, 0.3333333333333333, 0.3333333333333333, 1.0]","[-0.0, -0.0, -0.0, -0.0, -0.0, -0.0, -0.0]"
"[0.3908215762683249, -0.5400811785221997, -0.6278482106997978, 0.26441991240840923, 0.8913128960182823, -0.647656053576376, -0.3277440531946514]","[[3, 5, 1, 2, 5, 3, 5, 5], [5, 5, 5, 3, 5, 5, 1, 0], [5, 3, 5, 1, 3, 2, 5, 3], [1, 3, 0, 5, 5, 5, 3, 5], [5, 0, 3, 0, 0, 0, 2, 5], [3, 0, 0, 2, 5, 3, 0, 5], [5, 5, 2, 1, 0, 3, 1, 5], [1, 1, 5, 0, 5, 1, 5, 2], [0, 2, 5, 5, 2, 1, 5, 0], [2, 2, 2, 1, 3, 2, 5, 3], [5, 5, 3, 5, 3, 3, 2, 3], [0, 3, 0, 1, 1, 5, 5, 2], [0, 1, 1, 5, 3, 0, 2, 5], [5, 3, 3, 5, 2, 1, 1, 0], [5, 5, 0, 0, 1, 1, 1, 0], [0, 5, 5, 2, 5, 3, 5, 0], [1, 1, 3, 5, 2, 5, 1, 0], [5, 3, 3, 3, 5, 5, 5, 3], [5, 5, 5, 5, 5, 1, 2, 1], [1, 1, 0, 0, 1, 3, 1, 2], [1, 1, 2, 5, 5, 3, 1, 5], [3, 5, 5, 5, 3, 3, 2, 1], [1, 0, 2, 3, 2, 2, 1, 3], [3, 5, 0, 1, 3, 0, 2, 5], [5, 3, 1, 5, 5, 0, 2, 2], [5, 3, 0, 5, 1, 1, 0, 3], [3, 5, 0, 5, 2, 3, 5, 0], [5, 5, 3, 5, 5, 3, 5, 2], [5, 0, 0, 3, 1, 5, 0, 1], [2, 5, 0, 2, 1, 5, 5, 5], [5, 2, 5, 5, 3, 5, 1, 0], [5, 1, 5, 5, 5, 5, 5, 5], [0, 0, 2, 0, 3, 2, 0, 5], [2, 5, 5, 5, 0, 0, 0, 5], [1, 5, 2, 3, 5, 0, 5, 0], [5, 5, 2, 5, 0, 0, 0, 1], [2, 5, 2, 1, 1, 2, 1, 2], [2, 1, 1, 5, 2, 3, 1, 1], [2, 5, 0, 5, 0, 1, 3, 3], [0, 5, 2, 1, 5, 1, 5, 1], [1, 5, 3, 2, 1, 2, 3, 2], [1, 1, 0, 5, 1, 0, 3, 5], [5, 5, 5, 0, 1, 0, 1, 1], [5, 5, 5, 3, 5, 5, 5, 3], [2, 3, 3, 2, 3, 2, 2, 5], [0, 3, 0, 0, 5, 2, 5, 2], [5, 5, 0, 2, 2, 0, 0, 5], [3, 5, 0, 2, 0, 2, 2, 5], [0, 5, 5, 1, 2, 0, 1, 2], [0, 3, 5, 5, 5, 1, 2, 1], [5, 1, 2, 2, 0, 0, 5, 5], [1, 1, 3, 5, 5, 5, 0, 5], [5, 1, 2, 5, 2, 0, 3, 5], [0, 1, 3, 2, 0, 2, 3, 5], [3, 0, 5, 3, 5, 3, 5, 3], [2, 0, 3, 5, 5, 5, 5, 0], [3, 3, 0, 0, 3, 0, 3, 2], [5, 3, 1, 3, 5, 5, 3, 0], [2, 3, 5, 3, 3, 5, 5, 1], [2, 1, 5, 1, 5, 3, 0, 5], [5, 5, 0, 1, 2, 2, 3, 3], [5, 1, 0, 1, 2, 5, 1, 1], [1, 5, 2, 5, 0, 2, 2, 5], [0, 5, 3, 5, 2, 2, 5, 5]]",-1.75,"[1.0, 0.703125, 0.234375, 0.28125, 0.46875, 0.515625, 0.328125, 0.140625, 0.703125, 1.0, 0.609375, 0.65625, 0.46875, -0.046875, 0.65625, 0.375, 0.234375, 0.609375, 1.0, 0.1875, 0.140625, 0.234375, 0.421875, 0.09375, 0.28125, 0.65625, 0.1875, 1.0, 0.375, 0.328125, 0.375, 0.796875, 0.46875, 0.46875, 0.140625, 0.375, 1.0, 0.46875, 0.421875, 0.375, 0.515625, -0.046875, 0.234375, 0.328125, 0.46875, 1.0, 0.328125, 0.09375, 0.328125, 0.65625, 0.421875, 0.375, 0.421875, 0.328125, 1.0, 0.046875, 0.140625, 0.375, 0.09375, 0.796875, 0.375, 0.09375, 0.046875, 1.0]","[1.4426950008081086e-9, 1.4426950008081086e-9, 1.4426950008081086e-9, 0.5199669260841204, 1.4426950008081086e-9, 1.4426950008081086e-9, 1.4426950008081086e-9]","[1.0, 0.3333333333333333, 0.3333333333333333, 0.3333333333333333, 0.3333333333333333, 0.3333333333333333, 0.3333333333333333, 0.3333333333333333, 0.3333333333333333, 1.0, 0.3333333333333333, 0.3333333333333333, 0.3333333333333333, 0.3333333333333333, 0.3333333333333333, 0.3333333333333333, 0.3333333333333333, 0.3333333333333333, 1.0, 0.3333333333333333, 0.3333333333333333, 0.3333333333333333, 0.3333333333333333, 0.3333333333333333, 0.3333333333333333, 0.3333333333333333, 0.3333333333333333, 1.0, 0.3333333333333333, 0.3333333333333333, 0.3333333333333333, 0.3333333333333333, 0.3333333333333333, 0.3333333333333333, 0.3333333333333333, 0.3333333333333333, 1.0, 0.3333333333333333, 0.3333333333333333, 0.3333333333333333, 0.3333333333333333, 0.3333333333333333, 0.3333333333333333, 0.3333333333333333, 0.3333333333333333, 1.0, 0.3333333333333333, 0.3333333333333333, 0.3333333333333333, 0.3333333333333333, 0.3333333333333333, 0.3333333333333333, 0.3333333333333333, 0.3333333333333333, 1.0, 0.3333333333333333, 0.3333333333333333, 0.3333333333333333, 0.3333333333333333, 0.3333333333333333, 0.3333333333333333, 0.3333333333333333, 0.3333333333333333, 1.0]","[-0.0, -0.0, -0.0, -0.0, -0.0, -0.0, -0.0]"
"[-0.14126828854288553, 0.8446851257366377, -0.49798534825450824, 0.0734960739697399, 0.3238721246095737, -0.6095575465910525, 0.4328420739877523]","[[0, 3, 0, 2, 3, 1, 2, 1], [3, 1, 0, 0, 2, 5, 1, 0], [1, 0, 2, 2, 2, 5, 5, 0], [5, 2, 3, 2, 1, 1, 3, 3], [5, 1, 3, 3, 0, 5, 1, 5], [5, 2, 2, 1, 5, 2, 3, 1], [5, 3, 2, 2, 5, 5, 5, 5], [0, 5, 3, 5, 3, 3, 0, 3], [3, 1, 5, 1, 1, 0, 2, 0], [2, 3, 1, 5, 5, 1, 5, 1], [3, 3, 0, 0, 1, 1, 0, 1], [2, 5, 5, 1, 3, 5, 1, 3], [1, 2, 2, 1, 2, 5, 5, 1], [2, 3, 2, 5, 1, 2, 5, 5], [5, 2, 0, 0, 2, 1, 1, 0], [5, 2, 2, 5, 5, 1, 5, 2], [3, 3, 5, 1, 2, 5, 0, 5], [1, 3, 1, 2, 5, 5, 2, 3], [2, 5, 5, 5, 3, 1, 5, 1], [3, 1, 2, 1, 1, 2, 3, 1], [3, 5, 0, 2, 2, 0, 0, 0], [5, 5, 1, 3, 3, 5, 5, 0], [5, 1, 5, 5, 3, 5, 3, 5], [1, 3, 3, 5, 1, 0, 0, 2], [3, 2, 2, 5, 1, 3, 2, 5], [5, 5, 3, 2, 3, 1, 0, 2], [5, 2, 0, 0, 0, 3, 3, 0], [3, 5, 5, 2, 3, 5, 0, 3], [1, 3, 5, 5, 2, 2, 2, 2], [0, 0, 3, 2, 1, 0, 3, 2], [0, 0, 5, 0, 5, 5, 0, 1], [3, 5, 1, 0, 5, 0, 5, 0], [3, 3, 1, 1, 5, 0, 3, 5], [3, 5, 3, 5, 3, 5, 5, 5], [2, 0, 0, 3, 0, 0, 0, 5], [1, 5, 1, 0, 2, 2, 5, 0], [1, 3, 5, 0, 1, 2, 0, 3], [0, 5, 5, 1, 5, 3, 3, 3], [3, 0, 1, 0, 3, 2, 5, 3], [3, 1, 2, 3, 5, 1, 2, 3], [2, 2, 5, 2, 5, 2, 3, 0], [5, 5, 5, 5, 5, 1, 3, 5], [0, 0, 1, 5, 5, 2, 5, 5], [0, 0, 3, 1, 1, 3, 5, 2], [5, 1, 5, 5, 2, 0, 5, 5], [5, 5, 3, 5, 5, 0, 3, 5], [1, 0, 3, 5, 5, 1, 3, 3], [1, 1, 3, 5, 1, 2, 5, 3], [5, 2, 0, 5, 5, 5, 5, 3], [5, 3, 5, 0, 5, 5, 1, 5], [3, 2, 1, 1, 5, 0, 0, 3], [5, 5, 5, 3, 0, 2, 0, 3], [2, 1, 0, 0, 5, 1, 0, 2], [5, 3, 3, 5, 5, 5, 5, 5], [5, 5, 0, 5, 5, 5, 5, 1], [2, 5, 5, 1, 2, 2, 1, 0], [5, 1, 1, 5, 1, 5, 1, 0], [3, 0, 2, 2, 5, 3, 0, 3], [5, 2, 2, 1, 5, 0, 5, 2], [5, 1, 0, 2, 0, 1, 5, 3], [2, 2, 2, 5, 1, 5, 5, 5], [5, 2, 5, 0, 5, 3, 2, 5], [2, 5, 3, 5, 3, 5, 1, 1], [1, 5, 2, 5, 5, 0, 3, 5]]",-1.75,"[1.0, 0.46875, 0.28125, 0.234375, 0.46875, 0.515625, 0.328125, 0.515625, 0.46875, 1.0, 0.421875, 0.375, 0.375, 0.1875, 0.328125, 0.046875, 0.28125, 0.421875, 1.0, 0.421875, 0.703125, 0.140625, 0.328125, 0.1875, 0.234375, 0.375, 0.421875, 1.0, 0.5625, 0.046875, 0.515625, 0.65625, 0.46875, 0.375, 0.703125, 0.5625, 1.0, 0.421875, 0.421875, 0.65625, 0.515625, 0.1875, 0.140625, 0.046875, 0.421875, 1.0, 0.421875, 0.609375, 0.328125, 0.328125, 0.328125, 0.515625, 0.421875, 0.421875, 1.0, 0.1875, 0.515625, 0.046875, 0.1875, 0.65625, 0.65625, 0.609375, 0.1875, 1.0]","[1.4426950008081086e-9, 0.014236185432531894, 0.2457080210206158, 1.4426950008081086e-9, 0.10920697073270286, 0.4987369016065591, 0.2916733427861249]","[1.0, 0.3333333333333333, 0.3333333333333333, 0.3333333333333333, 0.3333333333333333, 0.3333333333333333, 0.3333333333333333, 0.3333333333333333, 0.3333333333333333, 1.0, 0.3333333333333333, 0.3333333333333333, 0.3333333333333333, 0.3333333333333333, 0.3333333333333333, 0.3333333333333333, 0.3333333333333333, 0.3333333333333333, 1.0, 0.3333333333333333, 0.3333333333333333, 0.3333333333333333, 0.3333333333333333, 0.3333333333333333, 0.3333333333333333, 0.3333333333333333, 0.3333333333333333, 1.0, 0.3333333333333333, 0.3333333333333333, 0.3333333333333333, 0.3333333333333333, 0.3333333333333333, 0.3333333333333333, 0.3333333333333333, 0.3333333333333333, 1.0, 0.3333333333333333, 0.3333333333333333, 0.3333333333333333, 0.3333333333333333, 0.3333333333333333, 0.3333333333333333, 0.3333333333333333, 0.3333333333333333, 1.0, 0.3333333333333333, 0.3333333333333333, 0.3333333333333333, 0.3333333333333333, 0.3333333333333333, 0.3333333333333333, 0.3333333333333333, 0.3333333333333333, 1.0, 0.3333333333333333, 0.3333333333333333, 0.3333333333333333, 0.3333333333333333, 0.3333333333333333, 0.3333333333333333, 0.3333333333333333, 0.3333333333333333, 1.0]","[-0.0, -0.0, -0.0, -0.0, -0.0, -0.0, -0.0]"
